66181 17
70073 17
211100 5
68892 0
73654 3
73676 1
65921 9
70867 4
66094 69
68111 3
74248 15
70656 5
70522 0
73210 6
74878 28
199348 5
67507 5
64644 11
137328 1
65458 2
69942 10
203870 3
71765 5
190948 3
74673 15
65794 2
67638 2
88321 2
71804 3
71054 14
199451 16
146684 7
147071 2
191886 2
72559 8
63843 16
71071 5
143640 1
67674 6
68426 3
65072 2
66428 10
66027 24
63231 39
203705 8
199132 2
74608 2
71816 4
67990 7
203719 2
70961 1
206919 1
69574 3
67909 7
68300 4
68861 5
73579 7
65698 4
65270 11
71497 36
74011 2
69063 1
66491 8
74871 4
205682 26
62765 88
66473 17
69533 4
73680 3
144625 2
69553 1
69090 18
73521 3
72659 4
70220 1
65677 11
194546 2
136451 8
187986 3
190952 3
189467 1
73057 5
149963 2
210688 3
67565 5
138186 2
68829 1
72199 4
202831 2
71520 5
70839 9
66622 74
70705 10
74893 2
72731 24
142957 3
206936 2
70556 7
65906 4
72980 4
67041 9
68822 9
199797 1
69407 6
70973 4
200774 3
147045 2
65891 18
68845 5
154174 1
73998 5
67797 2
65727 3
67380 29
66252 2
71203 2
72103 1
144265 4
64416 18
74935 1
68540 2
71810 5
69054 3
73982 5
187422 6
68459 7
141325 1
70755 6
152158 14
189981 1
140732 8
70971 7
71438 2
88344 19
73368 1
64347 61
72346 34
69573 1
149866 5
71681 8
71114 11
74017 4
72899 6
72569 144
69695 9
74080 5
71995 1
140670 18
65100 5
140805 8
74022 27
88400 1
65104 5
70988 42
68564 2
194115 1
72112 5
66230 19
75001 4
65637 8
67477 9
73172 3
200044 1
69518 2
139731 10
64134 1
65813 2
72554 43
69898 6
74937 3
71016 4
71936 1
73004 5
68407 5
71172 87
69438 5
71028 2
206768 1
140863 19
70889 5
188973 1
203762 3
69594 7
141678 2
205758 10
72307 112
72077 4
65741 45
73284 0
64940 8
74952 1
209538 0
68314 64
64799 14
72734 5
144257 4
66697 25
68989 5
68283 5
187999 2
63653 3
210020 0
64691 42
74451 3
74562 10
70284 4
72507 7
71801 1
73124 8
70484 3
72380 4
142994 3
72768 2
65960 5
74507 3
190910 3
68591 8
139749 1
73029 9
69663 9
73294 15
69456 2
73007 8
74089 2
69315 3
209009 3
151829 55
64239 6
64618 8
73143 4
72533 7
65490 16
64451 7
63962 9
67065 3
143861 3
73480 89
68411 2
71737 8
74395 55
68410 8
71059 8
66127 1
65145 3
74787 3
72263 5
69477 8
70310 15
66598 3
69249 2
192649 18
71611 3
203808 2
74860 3
195340 4
71143 3
70940 0
73121 6
197547 4
196400 39
70964 4
70485 2
66052 3
208817 2
207999 3
68782 82
192675 2
66186 17
73958 2
65305 154
66244 5
202322 1
74199 3
67018 6
71467 5
202876 1
66342 28
74196 14
94454 5
66315 1
196620 1
136923 1
72673 8
200412 1
67274 4
63534 4
63380 26
74718 1
72462 1
74149 21
150997 10
189963 1
205587 3
153006 7
70410 46
196491 3
72976 2
66390 8
64399 3
72419 6
193720 2
208507 2
199344 2
68869 4
69926 59
64461 7
194311 4
196740 4
74867 2
208722 12
66856 4
200399 3
202450 1
66049 4
153874 8
74127 3
138715 2
72183 6
145052 14
72210 2
71109 6
72114 3
71506 4
70695 4
192380 7
72192 4
73571 11
73678 2
68413 1
200315 4
66942 5
144285 4
72516 6
72476 4
67579 2
74419 32
66129 5
66344 0
65632 14
67395 1
68592 3
68700 3
66020 13
73518 3
65656 10
64435 2
68242 1
154809 8
191070 2
70206 9
66801 8
71308 5
67216 2
65856 5
74710 3
154089 20
65369 2
64583 8
66609 48
66313 12
67636 4
203323 1
65983 8
69105 2
67156 7
74888 3
64203 0
141214 2
152692 6
71602 12
64391 30
70996 3
71920 0
71410 2
71523 4
144519 17
74067 7
200329 6
191386 1
142030 5
72875 1
64495 4
137603 6
88388 3
74804 97
74695 8
68201 2
139700 23
65532 9
67981 2
143634 1
69378 1
65218 1
71118 2
201990 1
65237 13
66215 1
154653 5
192480 4
74443 9
70776 3
68866 3
63405 0
68654 24
70056 4
68649 6
70481 3
68030 10
64036 0
74629 5
63548 6
73262 3
197459 1
141104 3
72847 8
68193 14
73433 7
187502 0
66965 2
63736 112
69429 2
200668 2
71660 3
63826 7
71561 2
71553 6
73920 5
68279 3
73598 3
71693 2
136365 22
71500 14
71943 3
67795 12
72171 9
66680 48
66710 17
66043 2
64601 13
72918 17
64470 5
68986 3
66144 163
201220 2
153985 3
73821 1
73507 2
195504 4
64389 3
205806 1
73339 4
152261 6
144908 6
196713 2
204543 1
70665 3
68417 2
199366 3
67306 3
74037 10
65108 16
70672 0
67093 6
142402 2
70764 6
198360 5
68971 33
137261 9
72787 6
68470 3
71526 3
69575 3
65344 15
68921 2
71923 5
192067 1
154209 5
72896 4
153522 4
64169 49
73940 7
73469 2
138183 1
209455 1
64071 15
68375 2
68301 3
71919 10
64177 19
70612 7
66279 3
67060 6
74599 7
71770 5
64128 31
70099 0
142664 3
69461 5
67300 23
67612 1
72708 7
201811 1
192258 8
202329 1
70261 0
67670 14
68307 2
72463 2
150215 3
73227 7
66219 6
203996 8
63484 14
69351 7
72252 3
74207 8
71563 14
64722 47
69279 5
66936 45
71277 3
68951 1
153777 15
209141 5
64378 29
72928 0
63816 3
63829 7
66250 31
72440 3
64963 4
63473 18
69327 7
67048 3
203081 4
73485 4
211755 0
72490 6
69812 4
73832 2
67371 2
207745 3
69108 8
63314 8
62920 17
66760 6
68966 2
68899 5
147350 22
74881 3
63411 5
68427 4
137921 105
200265 1
204629 5
63036 14
64241 8
69426 4
69630 3
147465 7
70013 6
88306 3
70587 3
66379 3
69732 5
74982 6
188595 7
70876 5
204955 17
143626 3
71813 3
74516 3
65130 62
68830 2
72848 8
68783 5
68263 9
71709 5
64284 10
67389 3
141675 7
71036 2
144290 5
200411 1
69423 0
63596 20
67073 2
71528 2
136560 2
150381 3
67965 5
66654 0
65191 8
137797 1
74908 0
69332 3
143099 2
72794 5
73770 3
67139 4
63505 10
64143 12
210959 0
74636 7
151256 4
70966 5
74070 7
211012 1
71648 5
142710 3
74131 1
203699 4
72937 3
74397 2
64118 52
72573 8
64407 5
72161 5
70799 3
73785 1
73876 8
71978 6
198341 2
73452 2
67727 4
70920 5
202240 1
88343 6
208621 3
196567 0
69380 2
200241 2
74627 12
73343 6
153906 11
68245 3
65355 16
70501 2
209903 1
68425 13
64299 15
64160 62
65044 16
68584 2
148000 2
70710 2
145294 13
67514 11
69620 3
68232 5
74468 4
149481 5
63970 5
71955 5
62980 61
194605 4
73884 2
154473 2
63956 9
199133 3
74260 10
65211 5
74430 22
70247 3
63456 14
66480 8
142095 3
143859 8
73350 2
149692 12
72403 3
74748 8
196838 7
73541 3
66606 4
70011 9
74274 2
203319 1
73149 2
202014 0
70100 8
73224 1
68386 2
72423 4
148697 27
66865 2
69581 42
69320 4
70862 2
73849 1
137944 15
71312 1
191246 6
68765 4
136821 19
66117 220
73613 0
66700 5
74963 1
67523 1
204154 1
142980 2
64528 2
64748 5
193461 4
190089 20
63567 7
66031 63
68006 7
72469 6
68365 2
68598 22
67044 18
70028 3
73750 2
147047 3
69567 65
62730 20
137986 16
71196 4
62965 0
64998 22
72001 2
64390 7
70819 7
65857 3
64822 71
74659 44
149790 4
71426 4
63419 28
199043 8
72788 9
145675 1
68123 4
136772 6
152264 7
73611 3
193538 2
70868 3
65383 10
64735 56
68684 11
209461 1
63604 66
63047 95
206077 2
68599 2
191671 2
71637 6
71209 11
63428 12
73752 3
66890 7
70215 14
64411 37
72555 4
68468 6
194271 13
199904 8
69737 3
69026 5
67387 5
69193 4
71429 1
74472 2
67627 3
197469 3
73104 5
69278 4
70754 3
62990 85
63238 1351
71184 2
73718 3
70800 9
63848 119
71902 5
73070 2
65713 8
71586 10
65564 3
72390 4
72716 2
67078 13
188554 6
63868 10
69388 3
63911 10
64274 0
73135 1
73014 3
70444 3
74101 9
66611 17
189911 5
74623 1
191670 1
65074 8
143511 6
194122 3
196779 4
71210 1
68872 699
71684 6
74289 9
66380 3
69760 3
203826 4
73114 4
187843 7
71487 12
65156 12
65285 8
74385 19
67501 3
65217 4
142337 3
72851 0
62928 108
88382 7
74198 8
142574 4
71781 3
144060 4
74007 2
73062 1
191570 6
138242 1
65577 1
73966 12
72248 0
190240 3
67857 24
73335 13
67863 2
191503 2
136942 5
72713 2
66629 15
70733 3
148315 23
88398 2
67244 4
148777 4
201663 3
65874 2
66004 27
72495 2
64983 45
70480 2
70096 6
69492 11
142909 2
200415 1
74232 104
70244 5
71420 6
70144 13
71232 7
66305 36
210993 2
74746 0
67532 5
71377 7
74564 7
67213 12
72792 6
72683 8
71194 2
68834 2
64316 54
64374 13
72045 1
139847 4
73643 4
188369 24
74253 6
69534 4
150617 2
74979 28
71299 5
69677 13
64936 0
73032 0
204603 4
136920 2
73091 2
70356 0
195509 3
63912 43
64040 0
70031 2
65585 35
73132 0
70786 18
196551 2
73593 2
189106 3
71171 2
69079 12
70548 0
70956 17
67530 4
210669 3
71538 5
144610 4
68758 0
206275 1
72863 5
63883 203
201986 4
72198 3
88403 73
70431 2
191358 3
73811 3
151486 4
64955 19
66290 22
70040 4
204704 4
64421 21
88385 6
66455 3
148849 4
73061 3
66559 0
143638 1
72924 6
72755 9
70895 13
74607 6
151157 2
69641 1
67411 4
149220 5
74155 4
70346 3
69596 8
188616 3
153793 3
74227 3
64682 31
72387 3
206255 2
64325 11
69642 1
65491 20
71934 3
64902 0
69418 3
74291 7
74824 2
67057 40
66013 9
141674 6
67472 5
70420 6
73833 33
136997 1
67584 2
151986 4
68890 0
192460 2
210266 2
74068 1
63395 6
70581 2
64420 8
74239 3
71494 80
148170 5
65446 2
194947 4
70915 3
141327 2
69716 7
67734 2
72743 3
65115 13
67055 3
74384 1
67089 8
65406 4
73499 3
211617 2
72010 3
67480 3
71786 6
71733 0
68690 27
68063 6
141500 4
68247 2
72483 6
69395 19
187540 4
67510 8
192500 0
73063 2
151835 4
70739 6
64705 5
201662 2
193471 5
73614 0
74319 21
197139 4
71079 28
73846 12
70315 0
151765 5
195063 2
209536 0
137237 2
67620 9
141331 1
210469 1
72714 9
143627 3
73244 9
71663 6
70288 3
148976 3
66361 16
65069 7
68619 7
70995 2
70560 0
147998 2
73936 4
211282 0
71480 34
65789 5
137953 4
64769 2
65022 61
74379 3
69739 6
66817 5
200406 1
70406 29
67915 2
73929 3
68806 2
68360 6
73138 15
64456 9
65277 191
70473 5
209796 8
66681 2
70252 3
192324 11
206863 7
70191 9
71592 23
74168 4
207866 3
143332 36
73015 9
66506 2
64406 6
72454 2
68471 2
74244 3
192441 3
62677 1083
137985 1
200660 1
146854 3
62726 23
73585 10
68717 0
63348 8
195739 4
63179 281
74637 4
66373 13
65560 67
66634 11
71833 16
69458 2
70669 2
207741 2
64217 2
71310 1
66367 33
208244 5
65250 4
69864 1
71610 6
63115 41
70176 21
70887 2
188552 4
68814 10
69106 1
72797 9
63897 4
67843 13
139760 2
70495 12
143639 1
192674 1
202681 8
144040 1
72775 1
94451 2
71964 2
94426 1
73755 21
201168 2
68532 11
141534 4
63834 3
68446 32
68529 0
71634 12
202011 1
74085 2
67764 6
73577 5
67888 1
72070 0
70708 31
68472 14
209132 1
151907 11
72377 28
63916 7
63086 26
65500 112
198761 6
67760 10
69273 5
200775 11
74014 5
66927 7
66704 1
72843 1
63093 22
73186 4
74462 83
74703 6
74902 1
69326 7
193718 5
74991 2
68607 2
188636 6
66271 7
69972 21
64162 25
152079 4
65526 77
151977 28
146083 32
70885 4
201541 1
72947 7
69286 4
68488 2
69503 3
210663 4
67247 4
65587 27
69265 1
72762 18
66417 3
142532 4
68204 0
73126 1
65050 12
64712 12
147424 1
71201 3
190719 2
73232 16
71332 3
144045 3
154441 5
71678 4
72966 2
188711 4
67677 2
74153 5
71640 2
194002 5
188414 5
74594 10
72824 18
72639 0
72207 13
66702 10
66093 7
144107 3
198853 8
73237 17
154779 2
68243 1
194112 1
69239 3
204033 1
71039 4
63610 22
63643 11
70164 53
71314 7
70616 14
74210 12
70496 2
68110 5
73031 4
63330 17
73388 20
191109 11
148235 8
69715 20
72201 60
191253 19
203997 10
72347 8
148500 4
68191 18
71442 2
138437 12
71034 1
70161 1
74134 6
65091 10
74487 4
69387 1
198407 6
64752 46
74031 5
71447 106
64015 7
142964 3
150594 10
65765 14
205544 2
68387 8
64431 5
69442 3
71468 1
70740 5
62893 12
193541 3
201108 2
191888 3
65482 5
69056 0
64483 5
74092 3
72932 0
65749 4
67279 8
72251 3
70080 7
71076 3
66689 2
206864 1
71396 5
72567 3
65795 2
64909 6
71764 1
71789 10
71959 14
72435 2
148492 20
74866 6
65332 7
204765 7
141901 4
188548 11
69778 15
68795 1
72709 3
71338 3
147598 10
71603 11
73844 4
71503 12
201399 1
68637 3
198274 4
64066 14
73531 45
63457 17
74500 22
72710 5
72597 2
190756 3
62875 158
63981 11
68480 6
67187 117
140721 3
66608 10
201808 1
73212 47
63511 0
63188 48
196526 1
64637 16
70946 4
68835 6
72514 1
69792 1
65822 5
209540 0
74844 22
68364 6
64598 6
70849 2
69385 7
63427 14
71175 61
70768 10
69923 1
211236 0
88319 122
74593 1
187470 12
70951 7
65634 33
69703 4
69034 7
68811 0
67461 5
70960 5
153031 5
65804 3
190880 3
67683 3
200042 1
68703 0
65236 5
68924 11
67918 2
73249 6
71180 17
207690 3
147269 7
208277 3
205543 2
72661 3
207724 0
66747 0
71187 4
139834 2
63261 6
67987 1
203189 1
141232 7
66339 3
63972 125
187844 8
67382 19
136667 5
64890 5
69015 22
62759 66
67120 7
192143 1
188632 4
73016 8
72920 3
66359 13
73085 2
150073 4
210678 0
68819 14
69209 4
70953 0
206916 2
72793 2
68513 12
202735 1
66363 5
67995 8
67539 4
71687 4
65993 2
68936 6
209457 1
68155 4
65762 9
70774 2
63009 91
136398 5
65441 3
74416 0
198602 7
68147 2
66581 7
74879 2
68706 4
74185 7
68172 12
204265 1
150070 3
64096 52
65578 8
71647 2
74541 14
148764 15
149223 4
146945 4
73049 11
73449 2
68635 7
193540 1
71230 8
70355 16
137613 12
69045 0
74566 2
211117 11
68115 2
65866 2
205684 31
74233 32
190318 2
69826 7
147999 4
70482 2
65505 0
70378 2
65405 10
71166 2
65476 25
67592 4
192444 2
69405 2
63921 8
63620 5
67043 11
68230 4
70251 1
64136 7
70019 3
72241 57
74872 9
74805 1
68526 21
66714 13
144034 1
70488 5
69789 39
70573 3
68493 0
68858 7
67689 3
72795 6
64147 9
74442 5
71555 17
70623 2
188477 3
66353 3
67260 5
190069 2
141356 5
74899 8
194990 3
69201 0
200663 2
65362 15
67197 7
74428 17
66977 9
69532 10
151963 4
73179 2
71257 3
202597 1
66148 52
141354 2
203596 11
208233 1
73128 2
209458 1
65620 6
200525 5
65912 1
203114 2
69306 2
69208 4
73467 3
65579 8
137952 1
66033 19
70370 7
73176 1
69313 3
74662 5
74113 8
68354 10
141562 4
68372 11
65067 5
66516 2
190507 2
71179 4
210447 7
67901 22
69435 2
69070 29
67671 2
73490 4
64281 0
138934 2
73776 26
66213 4
68560 10
65379 27
62826 138
68914 16
137246 2
68334 2
154930 2
64541 68
68983 4
68961 1
68205 9
71107 3
201992 1
64842 78
67958 5
71316 4
74303 4
71423 3
148881 11
71600 2
205542 3
189436 2
195046 3
74603 3
69008 4
74839 2
88324 13
187552 11
192436 2
203804 13
74157 1
70579 1
201345 7
73424 4
67419 2
71924 13
63823 9
64027 51
72190 2
73497 3
66247 19
71525 10
66618 42
196738 2
67111 4
72655 16
73706 1
72303 28
66897 4
69522 3
66538 20
191881 3
203339 3
68746 4
73684 2
74801 17
68982 8
200409 3
65347 18
68004 17
73559 3
74156 4
195919 7
74336 2
72607 9
66411 4
66440 15
62882 38
188594 4
70874 5
191110 10
192440 2
73088 11
69856 9
67896 1
73575 0
70384 8
73145 2
71126 24
66105 9
73523 3
74842 3
74370 4
154316 1
74118 2
74862 6
64802 10
68107 1
74173 3
69329 17
74266 9
68347 7
154190 1
69829 1
70845 14
72901 13
67878 1
66074 5
64911 20
68007 3
73109 5
68886 4
71574 16
70555 0
143107 7
68896 5
196455 9
72800 2
72693 5
71548 1
71773 4
70977 3
68873 1
146880 5
73942 3
148451 8
74826 2
71183 4
146562 11
151738 3
64423 18
73534 1
66525 5
67410 16
71744 2
65605 9
70517 4
70760 4
63099 3
63566 8
69956 15
74063 3
144388 2
73396 5
71818 9
66424 4
72975 4
72004 1
73617 18
72141 7
64286 64
67979 18
73834 3
202246 5
71134 8
63536 82
74754 11
146369 11
202594 3
71941 2
64645 7
67391 6
145683 4
73964 0
71741 71
199130 1
71806 3
73348 4
71567 6
74285 58
68408 14
65190 8
70183 10
65025 12
72588 5
67743 16
72117 10
66834 16
67519 5
195836 3
211232 0
68854 11
70643 3
66756 16
62924 10
67706 5
69787 182
65582 130
73662 1
68308 1
68604 3
66878 1
65811 7
63579 15
150154 2
88413 0
64547 4
202449 1
69020 0
70358 18
192477 4
141353 7
65901 8
137519 3
74254 28
67077 2
71337 21
69658 2
70067 2
73279 9
72064 20
65776 9
73400 9
74966 4
154063 2
70209 9
74528 3
69234 3
203588 6
68396 1
66846 0
72344 23
69786 2
70483 4
72511 2
66397 3
67907 2
71808 5
71909 91
203866 3
72546 2
74476 4
69143 2
139343 19
66262 13
65883 27
64835 29
72115 2
74214 9
66400 21
199495 6
66564 5
66787 1
65084 3
71270 6
72335 2
64594 11
68698 1
73463 3
187839 27
142720 3
67299 9
141897 3
67616 9
74927 7
63451 14
68323 4
200045 1
74704 2
74478 1
67858 21
70327 1
211279 2
67568 5
188770 10
71288 12
69220 28
187841 6
74561 9
190906 3
202901 2
199946 2
66249 4
62942 13
67009 65
70777 5
63674 85
65290 0
63626 10
205797 4
64926 15
139120 4
62944 148
65390 0
69992 4
68704 0
71639 2
70651 3
73500 12
71445 5
69624 1
69524 5
72717 7
74848 3
71123 3
74720 4
63421 28
74810 3
211469 1
94515 7
196332 2
63359 76
67271 2
211308 3
72706 13
68732 7
62952 193
64247 17
65576 3
201779 1
66409 19
71547 3
72608 128
72075 6
68781 3
200312 8
68320 6
150986 4
64311 0
73984 4
142744 1
70204 3
68638 0
63565 89
70192 12
71227 7
72498 25
70146 20
70722 8
64797 8
67035 5
68785 0
63217 221
69330 4
71303 2
141856 2
150416 2
154406 3
147426 4
88353 7
146087 11
67105 6
147625 1
150334 119
201985 1
71916 4
143452 3
63384 9
71369 1
65024 24
69975 6
74482 3
68495 3
196018 14
63111 18
70172 4
65924 14
71376 11
74532 6
65471 163
198701 3
71910 4
73041 7
73734 4
70110 2
73512 3
148068 7
70373 24
66002 35
66855 9
68820 9
73134 5
72253 4
74357 2
65898 5
188040 25
64414 3
68583 10
62779 14
191111 3
142405 10
72353 2
67004 8
189862 2
146469 3
69321 4
64372 5
94514 4
71790 7
67040 7
72736 10
151115 11
72153 5
65626 7
68952 1
194807 16
67931 2
66893 110
66835 8
194119 1
62847 5
141684 1
69523 2
73820 6
72505 11
64650 5
72601 7
65521 4
67302 14
67423 4
67403 15
69160 4
68667 12
68909 10
190095 10
72283 6
74473 8
69685 2
203757 2
65134 8
190593 2
72857 11
62974 17
64990 9
69253 4
148297 9
70897 3
71439 113
67505 8
72772 6
65890 8
62806 17
65614 8
187845 9
70829 3
64349 9
65985 4
71632 2
67376 59
198409 2
140695 8
139408 6
71097 7
73686 2
193108 1
73073 93
62745 6
153218 6
69483 4
143235 3
187668 5
72626 8
66945 3
209974 1
141066 8
69583 6
195503 5
195796 1
73808 2
67859 1
193484 2
64225 42
188164 7
196566 0
68164 12
73749 3
63417 9
191823 2
70333 10
201311 2
67281 3
207957 0
68906 11
72315 2
64032 3
65814 3
188144 9
68550 22
143791 2
74853 7
143360 2
63989 10
69835 18
66001 11
72679 3
191093 19
67217 87
68728 4
72287 8
64475 4
68384 7
72015 2
70518 0
68719 40
66528 3
72586 4
200556 2
71925 4
72895 2
72043 0
62931 69
62770 111
73328 7
74740 2
72548 15
70772 3
69516 4
65133 0
65691 6
144394 2
70601 12
69185 1
191125 2
67199 15
70860 20
71414 4
74376 2
141137 7
65830 4
64640 13
70234 13
67871 4
69274 6
142036 5
71851 6
198966 5
66802 4
64295 29
71595 11
64337 61
209453 0
142341 4
137694 1
68435 7
65225 12
193409 2
64891 109
196547 5
63633 0
65006 24
68713 4
63969 0
190288 3
63753 37
72652 3
74790 2
67270 8
67151 1
64927 7
200873 1
72525 4
66841 8
201954 3
138487 4
151275 6
69165 3
72584 3
94428 2
63758 40
72486 0
149755 6
72745 2
70009 0
72813 2
71401 3
63488 15
65168 4
69791 8
137326 3
69628 5
63663 231
65801 16
188982 7
69225 22
71091 3
67807 34
144163 7
68531 6
65709 7
136901 1
189224 2
72810 6
139845 2
64396 15
140219 3
65087 49
141133 6
69243 2
191234 4
70793 24
210374 1
73099 4
73899 3
147840 4
72967 0
210784 28
73913 13
70002 5
68617 14
67215 5
140679 6
72549 277
210354 9
198082 4
203809 2
72583 5
73309 3
72536 25
69171 4
64647 22
196068 9
71622 6
64986 52
74644 5
144904 2
62903 87
66612 0
64319 34
70893 2
67644 11
67577 2
73655 4
211559 2
70675 3
74854 11
137376 38
70788 2
71834 3
64703 142
65902 8
69328 3
63673 6
69833 7
73594 10
67691 17
140345 20
71113 5
68974 6
70775 6
70505 6
66328 3
68482 8
71635 3
73359 4
200671 1
72856 2
68229 7
70417 5
65350 281
63351 87
72444 7
199464 2
64341 3
73192 9
63999 6
194261 1
73020 3
63409 43
198972 2
73185 3
66370 10
70538 4
143444 38
64228 39
73812 2
66886 10
72631 13
64263 7
69238 8
71948 8
136585 1
194111 1
189903 1
201047 2
66040 10
71452 1
72073 0
72950 2
148171 5
72430 3
71096 10
68788 5
72897 7
202323 1
73621 0
69112 2
65023 16
64331 1
74372 16
69721 10
200407 3
70506 3
71840 7
191226 4
68984 9
63295 32
67106 3
70924 4
69519 3
72448 2
65638 1
70805 5
210671 2
200309 4
64988 34
71415 0
71231 16
73165 17
72129 5
64275 8
71968 3
208092 4
66184 12
71371 4
71395 6
72189 2
201810 2
74458 5
72529 3
69155 4
71333 6
72136 1
63655 7
63499 10
189257 2
69098 4
67639 3
71300 2
74950 4
67098 4
68905 5
73586 11
137531 11
187840 5
71668 1
67315 11
63990 23
69381 13
72254 2
64432 13
201937 6
140734 7
74407 3
72953 26
69024 4
63308 42
136541 6
66285 2
65943 19
72782 4
74833 8
64546 3
71335 3
209451 1
207487 1
69722 1
70070 135
67401 5
74539 2
72845 0
66791 7
191684 1
208821 0
63870 3
68739 1
74138 14
69591 1
73410 6
71321 2
205532 13
70106 3
195111 4
64870 12
189136 2
66915 190
67484 12
67870 1
191391 4
152693 2
74726 3
193707 4
73789 1
73870 42
65511 0
62930 60
72209 4
74856 2
65054 3
68745 85
72046 7
139106 3
67348 8
69827 12
72012 10
64491 2
67011 8
66540 7
150984 32
70136 7
70771 3
64007 16
72074 0
71170 5
71815 14
69317 8
72186 0
143098 2
72917 9
74554 1
70666 3
68761 1
74650 2
63656 16
199453 3
65265 156
62816 29
63020 25
67619 2
70642 5
68828 2
151229 2
206918 0
71282 3
72489 19
68325 3
64038 5
71776 4
65194 9
197873 2
153002 12
142984 25
189716 3
196331 5
67126 3
69135 3
67649 1
70583 5
73255 14
71960 44
71189 3
64854 13
70563 3
74334 4
137157 2
73392 5
73625 2
63007 14
94511 1
74015 10
68602 4
136617 8
136612 5
65278 7
196564 13
71041 83
74728 8
69983 8
190633 4
188972 2
202327 1
146190 4
69723 6
74338 4
72016 7
68109 44
88348 1
73236 5
67283 6
72024 5
66273 4
64154 26
63718 30
70974 11
191392 3
72596 8
71443 8
72839 13
71137 5
73657 23
72212 2
68264 117
73377 6
94429 2
74137 6
196458 15
63177 7
73574 13
68816 7
64605 5
74287 27
210403 2
188350 7
66185 35
73345 12
72302 7
64608 5
73977 5
74410 2
73980 5
68643 0
70055 3
200414 1
149215 32
71821 6
143780 1
67129 10
69127 1
141682 3
141350 4
69372 3
72869 8
149911 6
63050 59
73380 56
147044 3
74548 19
72433 89
69634 2
67445 3
67595 1
69256 3
147422 4
64314 21
65436 38
72011 4
69137 3
62732 12
69482 2
71998 1
199231 6
67774 6
69577 8
74747 1
138232 1
64934 9
67581 3
139759 4
69906 11
72473 11
139555 5
63721 31
69280 0
67336 8
68568 6
69790 5
63954 39
64588 3
74929 3
88401 5
64584 40
94435 2
69731 2
202227 2
203991 7
144592 10
68887 22
66813 14
73190 12
64202 19
73799 19
73269 2
109340 3
63203 5
72671 3
205562 2
94461 2
72894 7
211014 0
66944 42
88336 13
206225 3
67917 2
73806 4
68321 0
72441 2
190996 5
64273 15
73385 13
71970 6
71562 2
65968 17
72508 6
190908 1
194849 3
73245 49
70124 3
139127 6
63817 6
139594 3
142599 1
94469 2
70785 6
71483 20
74171 19
209459 1
71206 2
69403 0
141858 2
63371 36
202733 3
74081 3
67142 28
73635 5
70952 3
209711 1
68565 7
72278 4
73357 4
71135 5
66619 35
209789 0
72684 2
143450 6
195170 2
70397 15
63600 8
67810 4
65399 31
187846 1
137049 2
69631 37
206935 3
66422 5
71927 4
189715 2
137661 1
147216 2
62687 3230
72193 2
66934 4
143002 7
74552 2
71656 19
73474 3
69552 3
142302 4
70126 4
64083 10
191775 3
198447 5
201952 3
69802 14
74719 2
63087 22
65294 27
66948 10
72385 3
73605 8
188936 11
94448 11
74536 4
69971 7
63613 18
64989 4
73772 3
143283 7
150310 5
67483 13
63299 18
73757 4
74049 2
67432 14
196337 1
206917 2
70079 2
74530 6
145020 7
70615 9
194105 2
64567 9
66171 4
88391 4
65345 12
149700 2
70193 16
143458 5
71375 2
68215 10
69060 3
70095 2
74154 3
72447 2
74651 9
67800 2
67657 2
72905 6
63765 7
73201 4
63452 232
138182 2
64370 72
203703 0
63960 9
71389 5
72080 14
74698 6
203700 11
73634 4
142568 22
74327 3
70848 3
66095 24
94437 1
140859 7
74152 8
71024 1
88387 5
72902 9
74411 3
203073 14
71481 8
69164 5
66429 397
63556 0
65240 5
68330 2
65302 37
65674 3
69556 2
154017 13
71677 7
74702 4
74934 0
64145 274
141355 2
70998 17
73092 3
73669 2
74638 8
73301 3
69749 3
73111 2
198246 19
187493 12
195319 2
200555 2
71268 10
63332 89
63365 4
191616 137
192437 2
147433 5
197462 2
69800 21
205019 6
71671 3
64054 18
71809 3
70224 7
66076 2
70693 0
72040 5
62845 15
64398 6
199049 5
72986 12
73024 2
69146 3
68045 2
143637 2
70851 2
188364 5
63422 52
64956 11
138169 39
74654 28
68221 4
74894 3
65224 4
193042 1
147257 4
64966 5
72803 13
74887 1
65008 0
70773 9
65846 13
72672 1
71466 2
68134 11
142691 3
203708 8
66180 34
69788 3
64772 51
142963 4
206506 4
68836 1
64923 5
74130 1
88389 6
73034 26
147481 65
209534 4
63775 27
72942 3
68900 3
202451 3
63919 5
138683 18
70558 3
68647 15
69300 4
147963 17
142962 2
70770 6
70278 7
68508 0
71729 7
74542 11
72148 16
65773 6
64516 40
67978 16
66923 1
64787 7
208825 0
70985 4
74276 2
72031 2
65979 3
72286 6
74262 3
207953 2
69880 9
66404 20
72638 7
94452 4
198696 8
69376 1
204040 0
199357 5
70279 2
67047 16
63714 8
206928 2
69242 7
197606 3
64415 14
65121 3
72686 1
64227 10
73800 3
63170 7
67752 3
74906 15
154791 4
68009 1
64048 40
205886 21
68328 6
68678 2
70101 6
66816 4
66104 5
66929 2
72425 2
67317 6
73288 0
144046 1
72552 2
67238 4
66309 2
71826 0
71514 55
72644 6
68298 4
189138 11
68037 3
71734 2
65360 18
64749 4
74913 71
70694 9
64881 4
203993 4
149946 0
144445 15
72086 26
202332 1
70571 8
67182 3
68160 4
150241 3
153547 0
151927 5
72733 12
68313 2
193719 5
67288 31
73311 1
68687 1
70257 7
67630 3
74625 3
74140 6
192317 6
153603 3
68885 44
143224 2
68095 2
64661 11
63524 15
148324 1
68945 11
201652 1
74305 1
70210 7
69136 5
64969 5
73646 14
67875 3
191989 3
71554 11
67335 126
65518 4
64320 15
65550 23
71077 8
200040 1
62807 6
152351 2
73895 4
150648 9
71878 4
149675 2
67211 4
204851 2
70624 2
69903 5
146851 2
141237 2
196535 3
74551 1
63603 68
71576 7
154522 3
72830 7
65318 26
68437 4
74055 6
202317 2
70620 4
153655 3
65105 19
203403 2
64494 6
62736 34
66334 4
71428 6
67250 1
150760 16
71095 2
71492 4
201156 2
72029 3
74213 9
68620 16
201161 2
142009 2
145336 1
69763 7
202794 5
63163 449
74717 2
195055 9
72271 6
73701 2
64430 6
69318 3
199557 1
67027 2
201989 1
201816 1
66973 11
64041 14
71697 4
71157 1
68261 0
68376 16
201053 2
68627 4
205163 6
64497 19
191366 3
73918 2
70155 25
141326 1
65019 13
68358 1
69511 7
64741 10
69064 8
88390 4
67570 40
70026 2
139446 3
69627 35
199467 3
146643 7
69769 9
153742 6
199879 4
74479 5
74255 7
71566 10
154252 5
139136 6
146852 2
148077 4
64685 9
71454 37
69843 2
70179 16
205541 14
68804 54
68333 9
69497 0
74368 5
69129 4
151951 12
148290 2
64794 59
69123 2
73946 21
74954 1
94476 3
143423 2
154376 2
191240 3
68956 4
68596 8
70138 6
148412 14
70562 0
68523 8
73761 22
68346 4
153434 5
209904 1
202328 1
194538 0
67889 1
67632 1
66193 5
64599 6
200043 1
69619 6
63922 10
198137 5
70714 6
67560 4
201814 1
69805 16
74300 16
72331 3
73925 13
74483 3
65612 8
73256 10
64867 10
64467 11
139848 4
71988 6
69613 6
65646 5
65670 4
63270 15
68237 53
71482 8
94491 1
73595 2
190530 13
71273 10
202731 1
67408 13
63845 6
70227 0
155112 5
142473 4
68236 121
150887 4
72872 12
71698 8
72175 3
73934 2
189099 8
67980 5
63752 36
68818 2
65243 14
203817 1
146249 17
70051 17
73484 2
70387 4
70789 13
71577 7
209539 1
151424 1
64713 14
65676 2
154899 5
68252 2
200404 0
70554 5
67418 4
68743 3
191880 2
69540 4
71490 28
66975 7
71325 6
69269 3
208533 2
146147 2
201695 8
64386 3
70405 0
73270 2
69142 5
193410 5
143863 7
71148 4
63245 9
73848 2
70211 6
203365 1
153159 45
206256 4
210312 0
204290 4
94518 1
69120 0
69652 4
65296 19
74272 2
64609 10
68451 7
69592 10
64806 5
69207 6
71683 5
70094 3
202362 3
71912 5
143219 1
72547 2
68778 5
73535 3
201660 1
71464 5
72912 6
65693 5
71922 11
74475 3
70207 81
64191 66
154688 2
74903 5
65259 29
65447 14
189264 0
209368 5
137731 5
73018 6
72023 5
68106 3
73972 4
63382 6
136293 3
65519 8
205175 1
63463 308
65718 41
64624 17
70052 5
73241 2
66500 8
74575 14
66708 5
67168 10
153788 2
207453 9
65531 6
189289 5
74363 123
193482 1
200500 3
69460 8
209452 1
69506 1
72612 24
73979 4
73858 4
66156 1
63334 79
73023 4
192909 2
148314 4
64631 72
195160 2
195576 9
69774 7
64582 104
64684 11
63361 17
65280 5
139875 3
147683 4
190185 2
69643 3
72295 4
192467 2
74117 63
66405 2
152432 31
64831 15
68870 2
64974 202
73267 1
70197 6
74087 15
65426 1
66255 4
65397 4
63266 166
74624 4
65553 17
148880 3
94438 5
207717 0
149834 2
208823 0
153453 7
72904 5
70376 9
202795 5
74208 3
70910 2
68256 2
65047 22
70072 1
67596 8
74353 2
72613 50
71092 4
138475 4
151828 57
74707 4
66432 10
147431 11
68142 1
65800 5
70361 0
203756 4
69773 1
201936 4
63797 6
71950 2
203806 1
73917 34
69688 29
65896 4
71670 9
63553 22
71636 34
191383 1
69089 19
65714 5
70954 1
136936 5
68139 3
73078 3
72556 2
67861 5
187428 6
74446 6
68784 2
150384 3
145188 22
74116 2
68251 1
144383 3
74024 2
72571 3
70214 2
208328 0
65185 52
74763 6
211046 2
195514 2
63192 60
65037 21
67203 9
74005 13
70003 3
74693 4
73059 0
191390 3
67905 9
64763 15
67033 5
63482 49
74522 2
66006 24
63494 28
64463 21
70835 2
70205 5
72771 6
207500 7
66332 0
68383 9
143150 2
69885 17
64908 11
74771 1
189064 1
63966 18
70153 4
191350 3
69857 4
149214 10
63379 10
70901 63
72062 3
190320 4
72752 2
194962 4
63153 2
189074 3
192504 11
70030 6
71688 3
140672 3
74438 3
74182 7
71380 73
188194 6
62715 1695
66626 4
72997 14
68342 2
71853 4
196730 0
72526 4
140218 3
65427 1
69727 2
68898 8
70323 4
152793 6
70111 2
88368 5
209542 0
94417 2
211704 27
74953 5
149369 6
189291 2
73496 4
66604 2
71287 2
70574 1
70681 2
138794 1
71638 3
65219 19
65200 14
138912 2
63671 27
71182 8
67420 3
66191 15
203211 1
204232 6
141150 10
187982 2
73682 5
68553 0
71286 67
70728 5
68265 0
69292 1
194104 1
69717 3
74609 3
63446 12
74241 12
70291 14
74729 5
191170 13
74540 7
148520 7
69192 1
138159 6
139851 6
72818 6
69197 5
191071 7
66507 20
68120 4
69153 2
73797 6
68948 3
67542 2
72434 9
141324 2
65203 14
204012 1
63209 65
74684 3
66523 15
69959 2
70456 4
136948 1
65396 23
67511 6
195061 3
71843 3
68642 2
75027 6
188592 7
70427 1
205114 2
74694 1
200036 1
71643 1
65012 9
66103 4
70738 1
69687 2
70390 6
74236 3
199635 5
63171 90
73440 21
74577 3
70120 11
141049 4
74059 7
73825 3
70833 8
70859 8
68047 4
148054 5
68897 2
142313 31
68860 3
67069 8
70955 2
209221 2
63104 14
63232 5
145895 1
202953 5
68056 3
67540 2
72279 3
63716 13
72367 3
69085 16
74204 4
69986 2
72855 3
63554 0
72407 14
64108 19
69514 1
71159 2
65836 4
63983 10
73278 0
141305 3
70195 4
63591 16
189305 3
191119 5
68118 2
65574 4
206931 1
73225 2
67287 2
65551 5
74399 5
69228 4
73341 7
66133 5
67708 9
72411 5
151500 57
73155 9
66898 8
69726 3
73006 3
62773 74
71788 1
68621 1
68020 3
198340 4
71753 3
66419 3
67555 2
152071 15
71956 4
63672 8
75000 2
73719 13
72108 6
67186 28
70218 5
72958 3
69766 11
66580 2
65484 5
68882 9
65837 6
69154 5
63049 14
188549 2
73864 4
209460 1
201398 1
194047 2
66430 189
67332 5
64135 7
137685 7
68306 3
63926 10
72898 11
153870 43
66586 15
192867 2
62985 12
74563 2
64376 5
201899 4
67919 3
70523 0
64976 6
201939 6
68192 2
200382 1
64603 7
68718 1
207727 0
67195 28
71675 2
68248 4
65603 9
74094 2
73486 3
195720 10
63279 15
72088 40
69924 5
67388 14
65961 4
72194 20
73894 5
72155 5
65188 21
204013 1
145039 9
64259 1
192439 1
137619 35
68225 0
71535 2
65900 9
68999 2
149221 9
67278 7
69611 1
147093 11
74649 22
73151 7
74586 9
209142 1
75011 13
69874 12
208620 2
73810 4
193403 1
71132 6
72835 2
145986 4
71258 16
72973 6
73578 15
73842 4
191389 2
71762 2
200557 3
66533 0
70976 11
142314 6
70448 4
65719 36
71706 1
69369 6
137044 11
64999 14
205046 1
150885 8
69660 2
74230 2
154088 5
70084 24
67782 2
149600 5
154019 7
65275 41
191504 2
70917 4
66779 12
74828 3
69919 6
71608 1
64834 9
71521 9
207549 0
69006 4
74622 10
69001 0
69092 7
74098 5
67798 5
70987 0
74772 3
72614 10
141792 1
139596 4
193318 10
70645 0
67145 4
68689 19
74733 0
64612 11
202900 10
202728 4
72202 9
67121 34
63731 111
65051 9
189139 2
66603 185
146902 10
88317 7
70036 4
73911 19
65346 38
66008 28
74412 2
73146 5
62703 199
69433 7
74460 2
67015 28
66298 4
66061 5
64531 4
73971 0
203326 2
64848 89
63949 4
67240 6
71169 1
192438 2
202683 1
68108 22
67884 12
72223 2
94425 1
63489 4
64308 2
68255 63
72066 8
148762 24
71444 2
71749 0
191858 10
71400 5
74023 1
64502 51
65028 22
63987 7
68623 5
63585 15
188050 2
74714 3
140690 5
192676 1
68132 13
191943 4
204697 1
201693 3
70806 6
68837 1
73960 11
205681 16
66147 37
187541 4
202048 3
199562 3
72657 13
68013 4
64938 9
63469 29
71659 4
68593 7
74146 3
70054 3
147866 5
72786 2
74936 0
71084 3
70644 3
73532 1
71145 3
154049 9
65855 13
73952 4
191171 4
71939 5
72623 2
73291 4
74756 12
74697 4
74121 2
140986 4
74896 0
66066 4
68145 3
143216 4
72124 40
68450 6
71012 6
70958 4
194046 5
70696 10
140727 2
73033 1
197607 5
66172 60
191254 3
69459 5
201694 3
74803 7
198099 19
73640 4
193173 3
67792 3
63306 19
64219 108
64107 9
67902 42
67088 3
66364 2
71760 10
204476 4
208824 2
189049 5
140257 9
68415 3
67854 10
71982 4
68206 5
65692 7
67947 8
67104 3
73503 6
67202 9
191177 2
203759 2
70414 20
147049 3
147357 11
73969 23
68385 3
67437 0
196680 1
70569 0
88323 5
190909 2
64504 1466
62741 12
71932 3
197046 7
63649 7
72866 9
146479 3
70339 5
69133 6
138334 5
74371 6
64327 11
64652 6
65002 0
191245 6
72759 0
94475 11
65768 6
65143 11
66358 4
143418 4
88316 4
67942 0
74261 76
67864 0
67809 4
66046 76
150206 1
74361 13
67538 2
69316 2
63479 15
68116 3
74263 5
190889 3
68812 0
63934 3
67991 3
72472 6
70163 7
73384 6
70348 4
70074 2
65324 0
74128 2
139843 1
66136 3
67368 0
69268 2
74767 40
66901 4
72523 3
63128 185
68712 5
153274 4
66783 17
73564 8
151279 4
72035 4
72640 8
71009 4
63930 154
154867 3
68939 5
69370 14
74722 2
68850 1
142665 4
74641 7
67443 10
70267 20
154733 18
69878 4
73891 17
67498 2
73430 1
68993 9
137577 4
66438 8
72785 8
70114 5
68780 7
191310 3
137274 4
72532 5
72550 2
71682 28
71237 5
72348 24
64540 12
154424 54
65449 4
71723 0
74544 2
68154 1
188547 7
68121 6
202316 2
152457 4
200211 4
196833 13
65334 4
69062 0
72913 3
148763 8
73379 9
72527 3
206749 9
68947 12
71085 16
72722 5
200420 3
141529 4
72400 4
202684 1
71757 4
209555 4
200416 1
71248 3
64343 9
65766 5
190322 2
64526 9
69943 3
148260 2
64558 28
66157 2
94444 2
68168 4
72437 19
137672 5
198887 3
196735 2
67006 1
88332 2
74715 3
63069 7
70611 14
191118 7
68075 6
88371 3
202403 2
190064 2
71029 118
207723 0
67249 4
70168 0
63862 35
74018 10
68479 7
66083 2
66254 2
68697 4
147460 13
62955 239
154397 1
64941 6
149696 4
62728 51
71963 2
152458 2
148892 3
205093 3
72191 3
64356 0
67750 3
153889 14
200661 3
63070 9
72633 2
73996 15
203803 2
67629 3
72474 3
71642 1
147612 1
67685 8
191011 8
64190 7
64760 22
73075 4
62927 5
69469 3
67814 5
72408 2
189392 6
68462 8
210838 0
62945 25
147626 6
64847 4
66555 4
65944 5
64098 7
66703 15
70846 1
138933 3
63116 34
70879 5
70783 4
74770 2
141320 8
74190 1
64193 44
152691 7
139104 11
137524 4
200898 2
71015 2
67265 10
69780 10
65790 1
64100 7
143862 2
74100 6
65220 46
72244 4
88327 7
65187 13
74217 3
72643 2
63856 19
71057 26
64161 10
66566 2
70950 4
74234 3
70902 2
71154 2
208937 10
68158 4
63124 53
73079 11
66968 6
139456 9
73250 14
187838 13
65835 5
195360 4
148785 16
143091 8
66900 13
69865 2
191885 4
72909 2
65870 38
73046 3
70828 6
72410 2
72290 1
64696 60
71014 3
194419 7
68574 3
65247 14
73796 26
72579 2
70169 0
71758 0
149808 13
64839 251
68764 5
66847 13
148775 1
69309 8
70249 10
70664 3
72276 5
67169 16
65552 60
73801 6
191388 2
73877 3
69291 2
73428 4
206926 1
70670 8
191381 2
141928 4
74670 4
68510 24
67771 6
64621 3
201375 5
72232 4
201304 3
74054 4
74921 64
144588 9
64012 9
63555 10
72965 0
68571 18
73733 0
73166 7
63584 4
64139 10
64053 8
144286 2
138929 1
142027 3
141129 18
71940 5
71313 1
71235 2
68616 1
71289 5
191317 8
74556 0
68711 2
71807 6
67985 4
72522 4
74945 10
69325 4
62948 24
63708 0
65923 9
73191 10
68445 15
73211 3
68019 11
139259 8
71746 0
67406 4
206922 0
187710 5
152303 14
200426 1
192502 2
144591 19
74938 3
63046 21
73629 7
73317 4
144918 18
72927 5
152281 1
64791 9
64514 11
201557 3
64607 1
68200 9
147053 3
201051 1
68363 3
69751 5
66330 5
73809 3
72727 0
73914 2
73356 97
73875 11
149947 0
66167 3
68562 1
142959 6
67307 1
72119 2
69425 2
141323 2
69091 4
71761 4
68659 4
153895 21
71151 9
68152 0
210679 1
67153 7
72846 58
71794 5
143635 2
69264 6
67024 14
73916 4
69922 2
63068 110
189065 2
67803 6
72692 3
152923 8
191257 4
94502 25
70918 6
151250 18
72521 5
198262 10
67051 25
154184 6
65615 2
67285 63
67648 1
68099 3
144611 5
66741 0
141683 4
66871 8
70888 2
69012 8
188637 7
67286 20
71274 7
63398 82
208827 1
66080 51
70878 3
71418 1
74618 6
88392 10
202318 2
71884 3
68967 1
69770 2
65819 2
190838 8
71281 2
68405 1
68938 7
66209 81
72442 2
154018 4
70107 46
70704 2
69096 5
73242 6
65251 2
70041 2
64889 7
191384 5
204630 3
68656 5
63433 61
147434 3
88313 3
73427 9
74525 0
136716 8
69863 5
66850 4
64150 5
66091 10
64344 12
64720 17
194103 1
71362 6
74553 5
70439 0
147740 5
67879 5
74408 14
210618 3
72081 4
64925 6
69485 4
144788 3
69424 1
67229 4
71065 0
151649 7
72557 9
71216 0
195761 2
152955 12
72754 7
71083 5
191773 2
72059 8
68844 0
74485 3
203530 3
207909 2
192442 2
64351 6
74396 2
68361 19
65029 130
70086 13
69183 5
187895 2
68398 8
188478 4
70223 9
67703 11
74034 2
141857 0
71890 0
72284 3
74612 6
69053 1
66142 6
68624 5
64828 3
67848 5
66154 3
74269 5
69590 3
202792 5
137407 2
70553 0
68190 3
73156 2
65649 3
142345 2
71777 3
69962 1
200664 1
65848 3
71836 2
72394 4
74731 2
74630 2
69400 2
151227 3
73209 1
73636 14
201394 6
145787 2
138509 30
70986 4
203076 7
63510 8
74133 4
136576 8
71017 0
140382 34
145721 4
67468 170
139457 8
199230 5
141007 17
73336 4
70825 8
154148 6
73558 4
67594 16
72258 56
68412 3
200429 2
204007 2
67173 44
68467 7
68219 3
74469 6
72610 6
66122 25
64519 27
188546 6
69793 12
67439 3
207699 0
71513 4
140673 2
143628 2
71451 4
73871 2
73074 4
203190 1
197219 4
70129 5
64434 4
144946 6
189819 4
70500 5
72275 4
70311 0
74480 6
73751 1
64929 120
71228 6
203992 4
65189 12
74784 2
74711 4
68337 2
72595 8
70150 6
152006 7
202576 1
140755 5
195505 2
74912 19
73331 6
146388 6
68636 0
74584 2
73515 0
68950 2
198009 5
74946 3
208522 7
70729 2
74668 7
74857 3
151236 5
70263 0
74901 2
194988 2
71981 4
205055 1
64821 7
211234 0
68218 1
65195 4
64310 3
70847 4
74286 2
206938 4
68923 3
68661 6
137361 2
71063 4
191201 8
64898 14
65433 35
70432 4
69410 2
67176 27
71594 8
70182 3
150894 10
73931 4
65952 7
73788 74
73985 22
64413 16
64043 0
74060 101
72068 0
72041 0
65014 187
74027 4
65825 4
192286 1
191172 3
200894 2
74892 12
70854 4
69545 1
64993 7
66232 5
68091 4
203686 2
67924 33
148463 6
68883 7
73429 15
141349 4
71047 9
146319 5
194847 4
188593 3
72480 3
70118 4
69282 16
65841 8
154218 5
69738 3
67963 103
63642 14
199293 1
69745 18
136613 5
66617 15
73970 4
197432 5
74433 4
137062 2
141300 36
142028 1
69772 3
65374 1
70253 4
73028 2
71645 10
65309 5
203802 1
72647 18
69676 3
209737 0
64767 382
71735 3
190722 3
73213 0
70589 4
66281 6
67534 3
94436 2
67805 5
64002 108
74960 9
63876 4
74999 40
66366 5
67407 23
195723 4
189887 3
65707 48
70840 4
208820 0
63223 6
64101 28
68083 3
70185 4
65400 9
64838 128
203075 2
68632 1
73318 1
202330 5
65723 2
72022 3
69366 3
69113 3
64322 55
149948 0
66299 2
72945 9
73791 5
202331 2
69173 27
69084 10
74619 1
151194 6
72249 0
74716 3
71185 4
192468 2
68082 1
69734 3
142999 3
209450 1
73276 3
71841 3
67474 1
189714 2
65419 4
141329 2
154528 9
66902 6
66194 4
69530 5
189679 2
142960 3
72121 4
67225 0
193917 2
65201 6
65941 23
65684 42
72030 7
154186 2
67364 1
68005 10
74653 4
68957 2
144121 3
152304 6
74987 2
210674 0
94455 1
136900 10
64285 17
191311 2
69206 5
63645 7
64045 8
66319 713
192270 11
71999 6
67921 36
68048 17
194903 6
197615 4
211128 1
201106 3
67593 54
67100 94
67266 2
67210 8
141681 5
198566 2
69632 4
65624 5
65905 12
94443 3
141039 10
62926 5
199024 4
65064 7
68196 16
63262 30
65940 2
144390 2
72747 5
209133 0
66971 2
67847 3
69074 2
196237 1
151962 5
69059 5
210994 0
196106 3
67054 9
65085 6
63528 397
70873 3
72808 5
68859 6
144527 0
71842 1
69231 1
71101 28
67155 3
73652 2
74918 4
70123 3
69392 0
72208 2
144837 8
73830 7
70609 8
63705 11
63769 9
71953 26
72510 3
67846 0
66845 0
153790 3
70277 3
74760 2
70552 3
70713 8
69176 4
147069 8
141332 1
71458 8
67367 5
64808 10
144308 6
65700 4
73947 6
65005 9
62986 32
201550 4
73548 5
72691 4
190962 15
67409 19
149817 6
63786 5
67370 4
65228 7
71141 4
72735 6
70715 6
67668 4
70216 2
70638 4
205540 3
64538 10
74886 4
146466 14
193095 4
196733 0
193495 4
72036 2
66465 11
68226 2
201809 1
70743 3
203343 1
71966 2
74107 19
69083 14
72049 2
207100 5
64222 6
66666 19
67037 39
65139 5
69159 11
202591 2
198400 0
137327 1
73386 4
200665 1
188084 6
66535 31
70125 4
74686 3
66134 23
74402 6
63008 2071
73865 4
71630 5
66840 5
73068 3
63605 14
73504 4
63277 282
73080 0
73181 1
200763 1
205815 2
68267 5
66474 5
67712 2
196454 4
66246 4
137501 1
70437 2
74004 2
70393 12
65761 3
74683 14
66711 15
65239 18
188975 2
67184 108
71986 4
137761 7
195744 3
63493 13
68382 2
69645 39
62809 243
74914 17
74648 3
150050 6
70029 0
67724 2
70212 17
72662 8
139565 57
148497 9
72322 11
65001 9
205478 2
65879 3
71088 41
68011 32
73040 3
70639 12
192672 3
72820 4
207719 0
72630 26
68705 679
70359 4
65020 5
149473 22
74084 1
74164 6
65767 107
65645 1
71421 8
197714 175
70399 11
151254 2
71013 6
73101 0
67130 18
73745 4
144291 5
71769 3
66662 5
63821 35
69270 2
64242 43
64649 4
72821 51
71386 5
70866 6
62939 24
64172 38
73197 8
66567 9
189888 2
67742 14
138423 5
73144 3
67582 2
145337 5
71364 35
194118 1
70759 4
70724 23
71252 6
151926 3
67330 12
73228 1
66022 17
94447 5
67280 4
65375 4
152265 2
188329 3
67825 6
69702 5
65651 10
66740 4
65175 15
72518 13
68549 1
140149 106
67046 11
71496 14
65387 2
66728 14
65597 5
72032 3
72392 5
66445 4
63485 13
67450 19
65716 2
208361 18
208641 1
66773 13
68084 27
191397 5
73924 2
139595 6
152302 14
74497 8
67400 6
71708 8
69568 8
74959 2
147089 30
188621 2
69817 8
149541 16
71150 10
144047 2
74785 3
71089 8
147800 8
200314 2
70912 2
65549 59
69646 3
68679 26
203761 2
68963 5
65808 3
70984 4
70701 9
73303 5
64069 6
63483 27
66345 2
66579 4
70304 2
70921 4
64615 4
68390 1
192802 1
73944 15
73949 4
65569 4
203015 7
145358 5
67890 5
136584 5
71700 5
67222 15
154722 11
74850 3
71236 2
69973 0
70779 2
63500 0
71461 3
72240 5
66549 2
64717 123
201909 14
145969 76
73137 8
69025 10
69288 2
141576 17
66819 10
143841 4
74010 3
66602 3
136895 68
72256 12
206920 1
73423 1
72582 4
67325 4
74585 8
69029 2
65113 22
65151 3
66050 9
194126 90
73777 2
74791 3
69260 2
143633 1
72666 0
62855 8
65784 4
188038 4
73604 8
149862 3
73056 8
62844 83
67745 41
187667 9
72628 7
63492 46
68217 1
211237 0
64946 42
74855 2
72933 19
67643 3
70655 3
65166 238
69450 3
136756 5
202902 1
196731 1
73677 3
66261 2
69565 1
74565 6
196267 0
71522 2
211501 0
74119 3
69114 1
141782 3
204008 1
64746 11
74924 3
71069 4
73465 10
70810 11
66393 6
72606 64
151923 7
66084 7
73314 3
147130 26
66396 3
70614 4
210202 5
73692 18
63815 5
197461 1
70143 24
88394 3
149864 4
69598 1
72941 8
66414 4
141314 10
69221 3
137984 1
71987 0
202732 3
68179 4
72500 28
67615 3
70881 14
208619 0
70927 3
64233 14
69379 2
72961 1
67997 3
146890 7
69099 3
68846 3
72398 1
67087 3
150985 34
63358 4
69484 4
65672 5
73259 3
145999 46
203368 2
71831 4
72361 3
64962 2
71835 5
67354 0
63444 43
74420 44
71424 2
72646 2
71712 3
65608 4
72457 4
69080 10
74306 5
68576 4
71117 2
139793 2
64576 6
72242 2
64479 5
94427 2
68522 20
72570 3
69561 4
72355 4
148293 3
202793 3
74337 13
69224 0
68341 10
146667 37
152339 6
149216 5
71342 4
68149 3
73554 2
196736 0
69473 1
70443 4
67895 3
187487 6
71098 91
203045 11
69481 2
137888 3
73975 2
69586 3
73664 4
194090 2
66912 4
66650 2
67473 20
154399 4
66874 11
66092 12
65158 2
65176 10
74916 6
67466 26
70391 0
67808 3
70490 2
74550 0
69109 4
71275 7
74392 4
207438 3
210841 6
66495 5
64973 22
69240 2
190675 3
64829 43
67137 10
63035 83
67974 3
68538 6
94509 10
74077 0
68031 5
68831 1
71214 1
66421 2
94480 5
136676 24
70622 2
65909 5
69673 1
71875 15
65258 0
67715 10
70908 2
72987 2
94422 4
70503 0
65639 5
64841 2
71546 5
191990 3
63837 0
68723 2
68403 3
70982 7
64329 10
145348 35
208822 0
141348 3
71529 3
63617 212
64028 40
196746 30
63385 15
69633 2
65421 1
204289 1
65365 2
66220 7
72783 2
194179 2
67435 3
72308 1
192433 3
68241 2
137008 13
65192 6
72184 9
71173 1
66737 13
69014 44
66196 4
69803 1
63552 14
136553 3
192503 2
66924 15
74865 1
74531 9
69227 4
68180 1
70566 4
74404 2
143749 3
72537 2
70297 0
195337 3
154401 1
154096 9
200120 3
151817 3
69809 2
66582 2
66081 14
138137 3
65589 5
137196 2
71217 27
66109 5
137273 3
67633 2
67204 8
66980 11
189975 1
69163 9
67379 4
67068 15
73205 3
68171 11
65512 3
191668 2
72257 2
63441 6
195665 3
188177 5
144035 1
64262 15
70004 0
193841 8
67200 3
65559 4
64824 5
65150 0
141900 8
68144 0
69204 11
68469 6
71803 4
66258 13
196737 1
70647 6
64478 5
147083 168
74827 4
94481 7
67318 4
142692 0
74595 8
71149 4
67994 123
141340 5
72215 17
71479 0
194116 1
194283 4
64692 18
142093 7
209462 1
149964 4
65339 6
147593 9
70507 4
69626 2
67158 3
138657 14
191588 0
71422 1
148015 2
69839 1
205775 2
192671 1
74242 13
71412 2
208626 3
70254 14
74567 2
73036 2
72449 1
198403 6
66732 0
146669 7
142945 6
73103 14
69747 4
73612 8
72090 7
72900 14
72134 0
66863 39
198141 61
70732 3
70497 68
207726 0
74109 5
66524 8
63861 37
72935 9
71759 15
70931 10
63313 147
191382 2
73246 6
70493 3
72590 7
68203 17
72415 0
74074 8
197707 7
73665 2
69367 10
64198 36
69899 1
198870 3
73081 24
66887 4
71650 6
73275 5
70827 2
69102 6
67175 1
74082 18
73402 4
138265 16
68059 6
191362 1
69796 3
73340 2
72285 201
68683 5
66029 3
63796 9
62872 31
69999 18
65607 3
201558 2
71868 3
68454 3
190070 5
192425 1
143630 1
144556 3
72304 3
202229 1
73983 4
64279 11
205888 2
70020 2
72871 14
144278 2
67189 15
74509 9
191890 8
154530 2
68545 8
200410 1
67536 34
68528 9
70640 10
63657 15
203758 2
94494 5
67417 4
205564 1
67340 3
64354 13
68299 4
68162 3
142277 3
66038 640
153789 2
148172 4
194282 2
62979 41
68052 2
64727 1
65796 3
72695 3
144511 2
72833 10
197402 5
69932 11
197647 2
73169 5
195179 9
65011 27
189493 4
68395 2
74606 1
188945 5
74559 3
69194 0
73316 5
74885 2
71651 4
73498 3
74761 4
190408 2
72262 6
201654 1
64493 15
65946 1
71926 3
144016 3
149962 3
72520 3
70903 3
88305 4
70886 27
64957 9
70367 0
63787 33
69353 11
74578 2
67276 2
64602 69
191499 4
63337 9
189047 8
73735 10
70520 6
207698 0
69081 3
73933 8
72635 4
70658 3
73154 4
74043 0
148844 49
63341 30
70412 5
62797 798
69398 2
64400 6
62835 164
67611 12
65267 8
192314 3
191232 4
69016 8
62975 33
152866 4
74189 2
72842 6
68244 2
69077 13
68501 108
72664 3
62971 18
67914 4
67508 8
192527 3
70360 82
71485 5
65083 33
64345 21
144548 2
63886 2
143416 1
64774 13
147581 4
191992 16
144896 6
207364 8
63327 10
69360 7
69957 4
66937 49
75029 3
70703 8
198326 1
65138 3
67865 1
138524 4
69187 3
70619 1
66466 2
74706 2
66672 29
137738 3
68442 3
70270 0
64635 59
67259 9
148292 2
73325 5
66188 13
209090 3
63143 7
74646 7
72266 64
74001 0
69625 6
65914 2
65904 4
64905 15
65908 3
63265 3
68884 0
69266 15
73580 5
73039 2
65065 23
63982 85
73254 6
201105 18
72841 11
73253 3
90887 8
70857 3
137063 4
148456 7
68512 5
71899 3
64700 25
70719 9
63294 15
71991 2
72873 5
142249 10
74800 8
63696 9
137329 0
64213 9
143953 2
63161 6
72000 8
153871 27
70762 4
65177 11
200376 32
74830 3
70160 69
72067 0
152734 7
69554 57
73221 2
66374 3
196934 1
65783 10
68823 11
72466 2
191309 5
72358 10
72047 2
63935 5
65288 3
68274 3
74275 11
188969 3
74169 5
63683 3
144331 19
66551 44
64264 26
73093 3
189524 7
74877 11
198088 6
65504 1
145496 4
151197 50
146725 6
205270 1
208828 0
88405 6
139490 2
146685 8
202798 2
70539 4
71895 8
204273 4
149225 2
71802 4
141838 3
70200 1
66402 12
66814 52
73473 11
154747 10
67338 23
73798 7
67316 5
143641 1
209960 4
140011 6
191307 3
74350 4
66997 3
74320 2
65214 9
142676 7
88333 3
74863 2
72222 1
94520 6
73610 3
72105 4
67226 4
69768 6
189266 1
196546 9
70580 1
67688 9
69536 13
69987 3
73653 3
67254 3
144287 2
62999 65
71136 6
152577 19
146647 2
189340 4
68779 0
188555 4
71263 4
68345 9
200413 1
194858 1
203607 0
71108 1
146344 5
70398 4
65348 13
143432 4
70357 4
65147 0
210268 1
66388 6
188561 6
68502 2
64587 2
73459 9
65119 5
69072 4
67360 6
74812 9
207397 2
69733 28
63349 6
63374 6
68319 3
63871 20
194041 3
188061 19
63089 10
69471 0
63549 20
71865 9
195835 39
68146 2
63370 44
65102 8
147453 4
136957 9
94460 5
200581 43
66307 9
68453 13
74351 2
74229 2
68374 1
69728 4
71130 7
71827 11
70400 1
64064 23
196256 2
69082 3
204849 0
74822 2
70680 5
149956 3
143234 4
211227 3
65094 2
65178 12
65336 0
209118 4
144039 1
66985 12
69822 8
74304 20
74270 14
73943 11
63568 7
73450 5
73391 4
65680 18
144910 4
202440 4
69500 3
70551 0
88386 4
65212 7
194933 3
73240 7
69218 15
74671 12
71714 43
71469 4
67141 6
63799 13
145040 10
202243 2
210402 3
68150 2
71446 3
73863 2
72352 1
187413 2
139078 22
153986 2
196442 4
63140 23
65479 6
189258 2
69188 6
205156 35
73921 7
70135 4
65869 8
67421 6
63688 16
67521 5
68072 4
64921 12
73670 11
70803 5
141105 3
71641 4
72178 5
196217 3
64506 2
72916 3
63986 282
137242 23
69087 3
67637 1
73715 4
68658 38
74777 2
65184 0
69038 4
64426 6
67185 5
70274 6
67580 82
64159 16
192735 4
153368 4
73902 2
147466 4
70568 6
66356 5
67561 9
142339 8
187946 1
65555 10
69335 10
74645 3
73243 123
70334 18
138832 20
66636 224
65754 4
70630 11
71090 37
203816 1
69308 5
67378 23
73544 14
139487 5
197464 17
73180 2
71575 2
203325 2
68695 6
69036 19
70423 7
68057 12
72930 7
205938 2
64579 5
68141 1
144279 7
66853 4
63789 7
66075 22
70843 4
67543 4
68801 8
73552 6
207602 1
66192 9
67144 2
70087 2
69740 2
71778 14
65226 3
71984 3
138458 2
70171 3
73399 1
64679 14
67992 17
69125 3
210949 9
66214 5
69761 16
74299 6
138883 0
68348 2
141048 7
202596 1
63059 26
72471 2
191776 18
69724 3
67666 27
74983 2
67756 13
73322 21
147606 3
208859 10
201846 4
69352 5
74513 3
88404 3
70869 8
153483 3
72760 0
199044 4
74058 35
67174 27
66911 80
63947 100
71334 4
204872 2
74039 2
72919 1
68735 4
71062 6
67984 6
62725 44
63141 7
70802 1
69699 9
66286 9
189486 2
204393 7
70957 9
73592 1
65415 402
67467 5
69810 4
69093 5
64704 7
72027 2
74774 3
67058 7
74381 21
74582 2
205418 8
70286 4
66436 2
72766 10
73200 81
63644 0
67029 7
73060 2
67545 7
70452 11
204255 7
74141 3
69841 27
210992 1
74628 3
74453 2
65434 113
67920 4
69912 39
67039 70
73889 4
74423 28
62896 116
191646 2
146189 1
71153 4
74821 2
209979 11
197430 2
208616 1
72174 36
208618 1
197463 1
88415 10
68103 2
69541 3
201553 6
66554 7
68734 0
72003 4
65747 2
74281 5
74868 1
196741 1
68034 13
202903 3
149212 7
68439 10
191306 5
67441 27
66357 27
66269 4
64047 38
74142 24
74309 9
66317 10
142475 17
68597 8
191230 5
66720 5
68853 3
210843 2
66179 12
67191 9
188178 33
68085 3
72268 5
149142 3
88335 8
192398 2
71038 15
147184 33
72931 10
64146 192
211471 0
72051 7
67261 0
153302 5
67002 9
149965 5
69065 16
65628 27
68477 9
72711 0
206932 2
72379 30
204486 1
67359 11
73525 2
67707 10
192404 9
67309 7
142035 2
72330 20
72069 51
66879 10
66950 5
72603 3
72696 4
207725 0
153332 6
71417 3
74347 2
68392 4
71416 6
142342 3
66138 4
139266 1
68874 5
69132 3
72936 2
154523 3
208232 2
198971 2
144210 2
68357 5
69629 5
67433 6
71598 3
73837 9
74505 4
73482 6
67578 16
74869 3
68554 5
66053 2
72017 16
137090 5
71477 4
68995 3
71142 7
192673 2
65058 6
72564 12
70884 3
67753 29
71552 8
72868 21
207045 11
141508 21
63575 10
74967 3
74533 3
73660 4
193483 1
88309 10
74925 6
71690 4
71181 4
136924 1
73047 5
67509 11
74549 0
63875 4
67082 53
64000 30
65872 0
64455 10
143827 4
64574 12
74898 0
73277 12
73831 8
73119 35
72128 3
192501 2
72484 6
147853 2
74600 5
72373 6
71985 0
73927 9
189376 10
142344 2
67036 8
207744 2
66224 18
64687 10
71007 6
149480 5
145785 3
146124 17
67714 48
94464 3
72737 20
194711 152
67631 6
67776 27
73903 20
64773 23
205257 1
73647 6
140362 3
67071 11
137784 9
73656 1
68017 7
209140 0
65746 4
62895 109
201953 3
69436 11
63214 13
201661 1
68696 8
65655 45
68475 1
65809 3
141813 9
73520 4
64591 10
69842 12
64751 4
68419 1
63595 0
68122 4
67064 3
69599 4
69073 0
71440 2
204850 2
67754 2
200427 1
204545 1
68944 2
64987 18
69840 13
67887 24
68211 7
73769 2
68927 16
73517 1
71040 3
64133 14
74398 3
73754 2
73407 2
72368 1
94424 1
73173 3
70363 11
68461 2
211500 17
73860 3
194049 4
136742 5
200039 2
70446 1
65223 150
208819 0
65702 2
70838 2
73730 3
73565 7
71619 8
72391 8
189693 2
70142 8
69988 6
63904 602
72502 4
68143 1
143503 585
150832 11
201895 1
204473 5
70606 4
63726 6
203404 4
72758 4
70353 13
209976 1
65565 0
94482 6
188114 2
74066 1
150892 10
196339 6
71883 4
73683 2
65477 6
201981 1
67446 2
203117 1
73651 2
209454 1
69820 2
196335 2
72227 1
74354 7
72389 6
74598 4
73083 4
202437 2
192788 12
141099 3
71536 9
66009 3
150815 26
70949 0
65945 5
62673 457
74845 1
64578 10
65893 2
63564 6
69547 5
63378 5
150571 7
148001 5
65769 50
74454 2
72665 8
64251 6
74123 8
71800 2
74318 5
67802 6
69604 5
73432 3
65485 19
149392 7
149951 0
198370 2
66935 0
149599 3
72109 14
67506 6
69996 0
69602 69
69950 2
68839 1
69052 6
73090 3
202336 1
146974 25
72877 9
65687 16
188981 4
64141 36
204172 2
70305 2
63450 7
110320 17
66152 31
69195 6
200231 14
69823 4
148018 7
144981 7
65420 4
68730 0
145782 3
148108 16
211130 0
194117 1
69186 4
148261 5
73764 4
64545 4
74700 5
73997 12
63255 7
71193 8
66347 1
136558 4
209312 0
68548 107
66992 4
204773 5
67599 6
71694 3
74907 1
70570 5
71052 8
68213 0
64383 7
69882 31
188942 10
66300 6
197458 1
67296 6
62768 207
70991 10
70281 26
71732 8
70602 5
65106 61
64688 5
69355 3
88407 4
150788 45
204852 0
64743 8
69233 4
71877 5
68494 3
73315 11
73217 3
73364 5
63560 10
143632 2
72397 0
192969 5
70352 3
67946 11
94434 1
65034 0
71023 15
195506 3
72884 2
70235 2
210840 3
72356 5
64832 6
74597 2
68748 3
73160 3
143860 7
207689 4
67885 23
71133 5
203236 2
71011 6
67713 40
72292 0
64564 13
209630 1
189482 6
88406 2
71433 2
72396 13
65581 5
192443 2
73238 1
151864 9
149427 3
136831 16
66266 11
72497 18
190937 5
74831 0
195488 2
72091 5
72213 2
192669 3
72654 30
73856 6
146401 13
67248 3
68370 8
70231 4
69730 9
73549 3
74676 10
150592 5
68737 2
200408 1
68183 8
67080 6
67022 3
66916 11
73261 7
72939 4
68016 21
147452 6
66023 2
65059 1
70293 0
70170 0
70844 6
68026 2
66121 141
207547 3
200672 3
67386 18
141161 2
63533 11
188979 10
203810 3
73661 8
66326 8
197894 4
66058 77
70778 3
72450 6
144895 3
67999 5
211470 0
70364 8
67194 20
74474 4
202958 2
73703 4
74538 2
65245 9
71657 2
65788 2
209532 1
63903 0
72280 2
189722 6
64468 20
210673 1
201230 1
64234 6
74002 2
70425 2
140674 3
68832 3
69402 2
74290 2
144106 3
193913 2
136379 1
144229 4
141647 20
144049 1
68302 5
65840 6
66253 11
73716 8
65157 4
63908 39
192528 5
138826 4
70250 2
74053 8
207908 2
194309 3
73547 2
210022 1
74663 12
74631 8
72849 0
68456 4
202325 1
152831 2
69935 0
144638 31
65086 24
66982 3
203801 1
150335 7
153167 21
65546 3
153794 2
189603 5
74583 0
73175 1
71220 5
146754 44
70590 3
137330 1
200442 3
72594 1
69130 4
196104 1
152922 4
69007 4
74265 1
74496 3
191346 6
72864 3
69709 70
69289 3
73795 3
70549 4
203807 1
65154 10
64765 21
64270 49
74730 11
63619 13
69579 4
70896 2
72645 3
68246 2
191216 5
66805 17
73168 4
73527 7
207444 6
194102 2
74147 6
68498 2
73667 3
63027 30
72037 4
72044 4
65378 10
191175 3
65066 3
206861 10
143625 1
63992 8
152507 179
73962 5
74780 16
69714 51
136554 4
63654 18
73110 5
69047 10
67982 2
74712 5
67374 13
64278 11
142757 8
68272 695
196732 0
69584 4
151818 16
70165 4
68197 493
65359 3
68714 4
73606 3
65886 8
72058 7
143631 2
70190 10
191228 3
70634 5
148317 7
72426 8
67554 20
71627 1
70418 1
203098 9
74897 1
62733 12
69144 2
69272 11
69517 1
141470 5
71967 0
139386 7
203328 1
144467 5
140010 6
68503 3
202324 2
69742 3
88331 2
67074 3
66032 9
73112 3
70814 4
66782 7
64176 14
150209 45
68569 18
72166 3
145723 7
67326 1
67333 16
66434 9
72320 12
69593 58
70162 2
63440 9
74183 3
136830 6
147822 14
71904 9
140161 8
74829 1
67650 20
71498 4
74687 3
74013 16
73310 0
209188 3
70196 6
73589 1
63824 247
88412 7
200789 2
71584 2
72542 6
73296 4
149677 7
206937 2
66836 7
69003 3
73886 2
63838 0
63257 8
63578 21
66442 0
145967 8
137896 2
69203 5
74838 2
73264 5
67275 0
67687 2
64418 12
72561 4
88364 11
72689 9
207728 2
71471 3
188798 3
70787 4
65573 12
71355 6
67710 2
190941 2
147845 12
141959 12
63420 17
68012 4
71917 2
68496 2
72553 16
74382 4
72418 6
68742 10
67150 7
71020 5
188998 6
69781 1
63967 16
207722 1
74874 4
65907 6
66416 10
88399 16
141052 7
66355 26
188352 3
67874 3
66256 12
191263 16
189119 5
68159 1
74709 3
69595 3
64778 12
71897 6
195080 3
202790 3
65338 9
71736 3
75031 5
69936 0
72985 11
63054 7
67304 5
73362 7
73867 2
72142 25
71405 1
70394 7
136503 8
73720 4
68490 6
70175 0
68458 10
74949 5
66488 15
72908 91
67422 2
68994 6
144188 3
67549 0
64424 9
63503 78
199155 2
71783 21
69336 3
73728 2
137724 236
201231 1
193485 2
65459 9
66039 13
73434 2
73631 2
67850 13
68124 2
73912 10
70891 8
62884 19
207550 0
66240 2
137844 6
70510 0
208753 2
67223 35
94463 12
67841 8
142793 6
74228 3
63184 37
69672 5
73272 1
147517 11
201568 2
73915 2
71053 1
68189 6
68315 0
146853 2
71928 2
72270 0
69399 12
69408 8
67755 6
71581 5
65778 3
67831 157
140797 7
208788 0
210203 13
71486 6
70691 7
190282 3
63551 22
206259 5
68094 7
72530 4
65416 95
202320 0
67838 4
141240 1
68573 29
69021 4
69131 3
94471 3
140807 4
66532 0
67152 3
69771 4
71326 14
68148 1
74038 2
71324 2
63646 5
203367 2
69312 0
67690 103
74021 9
74093 4
145049 7
144719 88
62914 37
209905 0
68685 4
65142 23
65210 10
187523 0
64287 4
70521 3
65408 8
66097 24
68902 0
69648 4
74605 5
145966 23
66981 5
67856 16
73841 21
138158 3
208175 3
74792 2
72382 23
69334 2
196443 5
197429 15
69393 1
67293 3
69413 6
71593 4
63364 29
203293 4
67962 4
68351 12
63809 0
72455 8
67313 13
73709 10
196457 5
68910 0
207551 1
66391 9
69736 2
73781 3
67245 0
71283 5
74762 4
73510 11
67566 2
189005 6
88410 7
71055 14
205049 15
65455 6
72311 2
71191 9
69121 0
64740 60
191255 3
202404 3
191064 5
88375 4
73817 6
66857 12
65317 46
62691 366
68786 7
74200 6
151538 5
66803 5
68908 6
64595 27
66471 561
65957 8
73229 7
141128 5
70842 67
69665 12
68276 9
150559 6
136720 9
64985 10
207552 8
146689 8
69539 10
74900 1
190501 2
65283 54
144155 15
64371 25
147812 5
196528 1
65209 6
202433 5
209902 0
63784 13
63785 70
68092 18
70942 3
68582 5
70541 1
209535 0
67099 23
74297 17
205683 20
69884 3
141202 7
73838 4
63480 0
65424 2
69569 0
72812 2
70269 7
187474 3
69347 84
70941 9
72132 2
74126 2
74795 15
69867 8
66518 234
63737 16
63902 4
71357 7
66257 7
70509 3
74464 13
71271 9
198094 1
71938 42
72956 5
70678 7
69546 0
70871 4
209456 1
63997 8
66063 24
71880 2
70547 0
70963 3
187981 4
147423 2
70795 3
67381 16
64790 15
65849 3
65554 29
72951 6
66175 5
201210 2
67416 2
71476 3
73582 59
71099 31
73581 29
146467 21
68304 2
67399 7
72625 17
65388 32
72769 7
66369 5
74418 2
138185 2
67096 3
72963 0
74209 10
69825 10
71747 0
67535 5
64473 70
71441 2
70377 4
70271 2
142238 3
67667 9
66381 4
68474 12
62704 15
189723 2
62918 3740
73017 6
67801 2
63058 7
74122 5
188999 2
88383 9
67384 8
66576 8
69683 6
72699 9
68796 4
74910 2
62935 10
72219 5
138535 17
66831 11
154469 3
192923 1
63762 5
73711 3
72140 0
74056 3
69013 20
72587 36
64658 12
68988 2
68212 6
64123 106
74414 5
200405 30
72005 5
63092 37
70103 5
72915 2
153484 13
74674 3
70272 0
72028 3
191387 4
72764 3
71120 13
187778 1
71971 2
211493 4
67124 8
67497 27
191376 2
72690 5
63096 15
63055 2
192432 2
198702 13
70486 5
67675 6
72880 4
67613 24
73807 4
152699 14
69103 2
67366 15
191675 7
202321 2
149258 4
66017 7
196773 0
66988 11
71322 2
67645 31
67178 4
69748 14
65884 2
68161 7
70401 1
68931 2
70053 4
69851 3
65386 5
73602 0
64132 7
71253 8
67693 3
70048 0
69670 9
201788 2
67716 4
68073 2
69157 4
63106 10
65249 8
147025 3
64860 8
70657 107
73726 5
66867 11
74226 7
68329 11
192481 0
63216 60
66010 14
72765 5
68694 19
71103 7
194127 2
64721 66
66139 77
69512 11
148325 3
72681 8
70202 1
63801 38
202026 2
73443 101
66114 5
68826 3
64714 0
74734 3
202103 17
148776 9
65132 4
72007 2
88376 1
74071 5
199046 3
201812 1
201336 20
65665 51
68297 3
69587 10
143395 5
67938 6
71771 136
154472 2
63276 26
74471 10
191248 4
65571 4
72071 6
66709 0
74579 1
70152 15
73550 115
63950 7
68977 5
196524 2
140531 1
72217 0
63773 2
203995 5
200033 1
69257 2
74366 6
69488 5
189169 1
136615 5
73183 4
69990 4
71280 1
188301 7
72729 14
71738 17
74203 1
67558 39
73233 6
64059 4
143447 6
68054 2
71646 17
140725 4
66079 123
64676 7
68404 3
67930 4
189076 4
67097 6
69782 3
68925 2
72372 10
68448 26
69088 62
66951 0
141339 4
69762 8
189375 10
64617 5
72416 1
88303 4
65497 9
71186 1
69887 13
189114 9
69855 2
71837 2
74523 3
67821 70
65122 6
73603 6
141330 2
73707 37
63102 12
146855 2
66688 1
70338 12
70330 2
191027 1
66931 5
72742 27
65430 42
153778 7
149218 11
68305 2
69383 3
189456 4
65802 2
64004 17
143434 1
63288 60
69846 2
63248 11
68381 4
67028 27
68153 2
72524 192
67083 17
66086 15
71025 9
69043 9
204764 13
68595 12
139850 9
70184 6
140315 47
73139 2
70461 4
74701 5
66153 70
196105 1
209537 1
63680 12
148319 6
73694 3
72101 0
190990 3
203989 4
72545 4
62803 433
71692 3
71306 2
69970 4
67751 4
69184 6
73177 2
64520 34
70649 17
73330 16
195159 2
73813 14
66823 4
71131 4
65062 2
67377 2
94470 5
149542 8
68151 2
71048 51
67976 27
202315 1
73736 2
68726 5
65055 4
198480 1
66914 40
152437 61
69968 2
64057 0
202797 3
73455 30
144327 4
67589 6
63220 43
70913 5
141559 2
73248 39
68044 19
74520 8
71680 17
71254 3
65319 3
74573 0
193004 2
69420 6
67916 17
73283 2
154934 9
71251 2
201001 3
192640 11
73956 1
70993 4
73742 0
68641 1
64417 0
71996 1
63792 8
196107 1
64060 91
74870 3
68071 5
65963 5
66938 8
68880 3
73087 6
153041 4
145454 3
74413 7
66717 9
70309 9
208715 1
73537 3
71796 2
71674 2
71624 4
62943 18
72424 5
67327 34
71383 8
70342 2
67339 3
193207 3
147185 3
140013 3
74589 3
203188 1
66021 9
197460 1
68671 2
150413 89
69494 2
70050 0
68284 5
73494 3
69161 2
65260 8
65850 1
73965 3
67564 18
66360 14
68129 4
192482 2
71799 6
63709 84
72185 52
74114 3
71484 6
69041 0
65295 21
187449 3
63269 13
63022 20
70826 7
197390 5
146891 6
71791 7
73900 6
202228 1
68557 4
71585 10
69010 5
151228 9
71472 3
68516 4
63521 44
146918 4
64651 0
201935 3
71945 2
152309 4
69401 7
73338 2
73685 3
71616 3
203341 5
145292 14
137408 7
63857 39
72725 0
154720 5
71195 5
69948 5
67893 12
71457 1
70853 2
65149 6
65708 23
66691 2
65071 10
143145 8
145763 8
65483 19
63577 0
74427 150
74387 4
143629 1
66894 2
67297 46
71019 1
69814 2
74543 3
144919 11
65751 23
73513 3
68117 2
153878 123
73071 4
70597 0
71713 5
73415 1
66833 10
72363 4
71915 10
73893 5
72093 0
68769 6
74259 2
66508 0
71177 10
66810 6
67084 13
68772 2
144153 6
74802 9
72881 4
71309 3
149402 3
137412 15
74401 1
69564 3
63121 138
67030 3
70392 4
65272 11
67796 4
73623 4
72195 3
69174 45
73566 3
74163 2
63854 16
70863 5
74699 7
152701 5
67529 5
68521 3
189978 11
141894 3
67553 1
74847 5
71780 0
69443 1
65197 71
194170 131
69275 4
73403 3
65717 4
139315 5
138521 3
204540 1
72173 4
189831 3
73082 7
207601 8
141328 3
68843 0
70057 1
73394 2
72092 3
205778 3
68262 1
64253 32
70929 2
71830 4
68208 10
69100 5
202796 6
140171 2
71264 1
194136 3
70474 3
204359 4
63594 52
63936 17
205029 1
71654 5
66007 17
72277 8
68827 1
70858 4
153999 8
74044 0
73372 1
67159 3
151220 3
191227 7
73355 2
72288 20
88322 11
203239 2
68767 62
69701 5
201805 34
149966 3
69427 30
69725 3
64328 6
144468 13
199354 5
72791 13
73668 1
72149 2
63640 11
73408 9
193411 2
63399 17
88314 4
209848 1
65980 5
145247 5
68716 3
69057 4
149949 0
72519 26
69304 9
71343 59
72123 4
66212 6
73591 181
72487 13
70242 0
153872 6
70299 2
204536 2
88397 3
74779 2
67342 0
141800 24
68227 1
147180 4
72809 4
72781 3
152924 4
66287 2
71881 2
73300 5
74611 8
68024 11
137587 2
64804 2
139504 7
64857 7
64807 14
69428 3
67928 4
191771 2
69849 23
193111 4
188550 3
74555 0
190522 2
67479 21
152307 2
70730 3
68350 5
72619 7
68399 3
74373 41
64144 0
147142 5
73013 3
206588 5
73274 3
71413 3
71318 3
63701 6
72261 2
63513 89
69071 12
188148 7
72517 3
68579 7
67478 5
202235 2
73133 3
69816 4
70628 5
198323 7
71745 6
69284 1
73437 2
155090 1
71719 12
195973 93
73939 8
69606 10
64044 12
72925 3
74560 4
201041 3
190068 3
68686 2
202730 1
67933 4
197431 8
71839 3
69813 3
72072 0
71224 11
69560 7
68290 8
201542 3
187984 2
68652 9
209931 16
203063 0
66758 0
69543 3
71774 7
68223 0
210681 3
196108 1
194042 3
67485 1
64035 4
73418 4
70382 8
194284 3
73723 0
74858 1
74105 7
67937 5
65580 3
211131 0
68934 38
69980 5
137757 5
66548 29
200552 2
68476 3
68849 1
67119 15
64610 5
205816 1
65658 80
203571 7
65486 7
73223 2
74783 5
72343 6
74003 7
74186 9
202244 2
69480 15
65257 7
70268 3
199892 51
64194 54
139836 4
71658 3
68185 8
146165 3
147432 7
71018 3
73308 2
69011 0
140608 9
66665 5
73387 7
141341 10
71666 10
202937 1
68851 0
64208 45
72885 3
64046 19
198968 3
188357 5
72172 0
65238 8
65981 8
144061 2
207694 0
74221 3
65535 0
144228 3
74432 7
139784 1
74150 5
74235 128
65496 1
71050 3
69794 3
74832 2
203187 1
73247 4
69411 3
150212 5
64533 23
65779 2
62916 22
143662 9
74724 4
72867 0
70968 7
66794 2
145167 4
63065 18
142474 7
73468 4
202899 2
74679 4
67869 5
137950 1
72412 26
72291 4
74465 6
143901 12
69303 2
71929 4
67451 10
144033 2
201555 3
68807 6
67118 67
65653 7
64759 92
63615 16
72235 3
71403 8
65606 13
73746 1
199020 4
71112 2
66913 0
65445 38
137047 6
65755 29
74519 1
70395 7
74008 1
138244 4
68216 7
72712 5
69551 2
69719 2
63743 29
144256 3
72100 12
69562 3
150765 2
66464 4
72482 4
64170 7
147607 2
68852 1
68626 10
65213 151
149957 39
65852 2
189259 3
210672 6
69049 0
68296 2
201824 8
71226 5
65932 9
65266 34
71518 2
191256 3
68865 0
149712 7
70457 3
190758 13
63670 31
64668 12
142666 2
71087 3
70717 2
74197 4
66832 6
74206 4
70904 16
70248 2
69382 7
65805 5
65764 3
74238 3
67622 3
73055 5
138656 16
67457 5
65925 7
68058 4
70335 12
94483 2
69705 6
70978 2
192505 3
66158 39
145141 9
64706 7
71373 11
73873 8
67463 30
73937 2
67352 2
74051 8
73792 295
71676 4
203869 2
71198 4
72479 7
73563 13
65487 5
66933 10
141102 4
67816 2
201049 4
66521 2
72946 16
66030 2
137759 4
70132 5
68195 18
65831 2
67799 10
73163 2
65358 7
64559 22
65395 3
74409 3
69710 2
71888 4
73853 7
67525 12
73426 32
136559 3
71229 3
66947 7
143199 14
66692 0
209022 1
192478 1
73840 16
206589 6
74365 2
64525 30
65997 9
147708 2
202319 1
66102 13
69729 88
148318 3
70890 2
70433 2
71460 0
94420 34
72944 4
66657 11
66236 8
63129 47
152147 14
66047 3
88307 29
66365 11
189834 4
67583 2
72364 2
137295 21
201988 5
72099 4
70994 3
64554 45
73553 8
74264 6
68721 1
140880 15
72593 1
73619 12
71501 2
67273 6
194525 1
67113 3
196485 10
68662 9
68239 4
151890 4
71711 19
68003 11
74942 3
94441 4
64237 13
193416 51
68184 4
68932 15
70287 0
67091 7
210873 1
203589 2
202082 13
72801 0
204632 4
191393 6
69549 2
70690 5
64958 3
65057 9
72814 4
199131 1
74406 3
63744 29
204334 3
74781 2
150891 2
73862 3
210950 2
138736 7
65965 14
68815 4
141347 2
66165 5
201052 1
70017 5
63609 65
72459 5
149254 3
66658 2
73019 0
68486 6
68587 9
143636 2
66107 3
137503 9
199556 1
66265 5
68640 10
64124 154
66062 22
66884 9
71819 8
66161 4
71863 3
71430 1
206924 2
69785 5
196705 2
69881 12
68062 1
192585 4
65635 38
65417 36
66504 8
197439 6
71743 15
200914 3
198439 6
71516 3
69202 0
74592 2
72337 12
64786 5
66922 1
64750 18
73729 3
74861 3
71197 25
64075 9
74882 0
72428 2
67729 10
65806 17
73705 5
69349 24
66785 5
136868 3
210670 1
74151 3
72087 9
139748 2
69662 5
63660 16
67563 7
73164 2
68303 1
142961 3
142747 2
136843 11
71049 41
207365 3
74574 4
70981 4
68046 2
