62682 411
63064 253
62761 586
62900 201
63506 197
62670 637
62681 228
62925 115
72767 2
62792 15
69394 4
62799 46
62821 12
62796 4
62842 263
62776 4
62709 7
62706 7
62781 2
62998 15
62851 3
62849 8
62735 7
62831 3
63076 18
63071 4
63067 4
63097 108
63063 4
63061 3
63037 5
63038 10
63017 12
63015 8
63222 14
63016 9
63210 17
63207 5
63193 261
63194 5
63197 16
63176 14
63164 10
63119 4
63101 325
63298 7
63287 30
63199 4
63281 7
63286 13
63271 20
63263 11
63252 15
63247 14
63241 136
63226 6
63264 6
63100 11
63340 5
63369 56
63357 28
63344 31
63316 19
63312 4
63304 6
63466 4
63301 146
63462 3
63418 3
63447 5
63414 4
63408 3
63470 10
63397 12
63531 124
63413 9
63519 58
63496 5
63518 3
63589 13
63608 16
63607 5
63582 9
63580 2
63558 7
63677 6
63658 7
63668 3
63641 20
63636 49
63627 46
63742 4
63739 5
63727 7
63747 14
63719 2
63684 10
63691 7
63687 14
63798 11
63800 6
63794 48
63780 18
63767 15
63865 23
63778 36
63851 2
63860 22
63828 6
63761 58
63844 0
63831 22
63814 30
63813 14
63942 25
63940 5
63939 46
63938 30
63931 2
63878 2
63879 17
63820 9
63996 12
63985 15
63979 8
63964 6
63991 1
64082 11
64095 5
63953 22
64074 12
64070 29
64065 33
64063 10
64097 9
64051 0
63941 5
64126 4
64111 8
64112 58
64008 4
64157 7
64014 15
64223 8
64207 11
64204 16
64231 13
64199 31
64189 17
64171 9
64261 12
64257 5
64254 4
64250 9
64249 14
64240 1
64238 5
64236 7
64335 3
64324 8
64317 30
64298 27
64315 66
64291 25
64346 17
64363 4
64288 192
64384 7
64358 2
64360 13
64355 9
64436 5
64405 23
64403 7
64397 0
64505 8
64476 10
64487 24
64490 355
64537 5
64465 4
64536 6
64550 12
64534 2
64517 21
64508 4
64585 9
64581 5
64577 2
64568 11
64562 8
64557 3
64560 14
64573 10
64633 3
64527 4
64623 5
64614 3
64616 2
64648 15
64701 5
64670 4
64660 5
64654 11
64756 86
64672 1
64744 1
64734 7
64710 3
64784 14
64781 7
64779 15
64768 15
64766 12
64761 3
64771 60
64853 6
64851 79
64850 101
64846 3
64827 1
64825 4
64820 17
64816 5
64813 0
64812 4
64811 17
64810 17
64915 2
64815 100
64913 26
64901 4
64878 6
64879 34
64871 2
64954 10
64900 8
64885 5
64937 11
64932 5
64931 25
64930 11
65000 6
64992 20
64984 35
64982 17
64971 55
65046 13
65039 5
65036 3
65035 8
65110 5
65027 16
65109 4
65107 17
65096 1
65095 3
65053 11
65090 7
65081 13
65077 28
65144 5
65136 9
65137 6
65140 3
65126 12
65124 9
65183 14
65173 2
65172 3
65170 14
65152 4
65205 16
65208 18
65198 25
65276 13
65274 43
65234 24
65310 19
65323 9
65304 18
65299 1
65291 20
65306 11
65297 80
65289 19
65366 1
65281 9
65343 2
65341 16
65411 3
65407 15
65404 4
65403 6
65402 9
65401 4
65389 2
65393 8
65474 8
65470 7
65456 3
65461 3
65457 6
65451 7
65453 11
65442 34
65428 10
65510 14
65499 5
65501 6
65432 6
65548 17
65544 13
65542 4
65530 6
65539 16
65528 3
65527 4
65524 1
65525 42
65600 4
65601 23
65592 0
65588 8
65572 10
65568 3
65570 0
65643 0
65631 8
65616 16
65613 3
65611 2
65610 4
65644 10
65689 8
65686 3
65621 20
65679 18
65657 78
65654 4
65652 6
65712 4
65710 3
65697 12
65696 13
65695 6
65701 3
65744 2
65781 5
65799 3
65797 1
65787 11
65845 32
65833 4
65832 6
65821 1
65820 7
65817 1
65815 2
65812 3
65882 1
65878 9
65851 4
65871 4
65865 2
65864 7
65863 3
65861 4
65859 2
65919 13
65916 5
65894 38
65888 8
65964 11
65959 1
65958 3
65885 14
65949 5
65942 2
65956 3
65931 18
65929 6
65938 4
66000 5
65995 4
65994 1
65990 1
65989 3
65988 8
65987 3
65976 4
65977 4
66048 2
66054 44
66037 8
66016 4
66035 13
66034 31
66025 2
66088 21
66087 6
66082 20
66071 7
66070 23
66060 5
66135 5
66131 10
66120 31
66118 13
66115 11
66111 31
66106 5
66177 4
66174 8
66168 3
66116 7
66149 4
66145 4
66155 6
66217 2
66221 4
66216 16
66199 14
66206 24
66197 2
66200 36
66195 6
66264 4
66260 6
66248 28
66233 3
66270 21
66303 25
66295 15
66297 31
66282 4
66277 4
66346 21
66336 1
66327 13
66333 11
66312 23
66349 1
66311 6
66310 1
66387 5
66385 6
66386 2
66377 10
66376 10
66395 7
66403 14
66394 4
66392 2
66444 5
66443 5
66441 7
66439 3
66435 1
66463 5
66459 6
66461 3
66431 2
66457 3
66446 5
66449 43
66505 4
66503 2
66499 15
66501 16
66498 24
66497 29
66490 16
66489 7
66476 3
66467 5
66475 24
66544 3
66543 5
66539 6
66537 5
66530 4
66529 5
66527 2
66531 10
66522 7
66519 10
66511 6
66510 5
66536 0
66509 10
66569 2
66568 13
66550 11
66556 1
66553 10
66627 1
66623 12
66632 3
66624 0
66621 13
66601 5
66590 6
66588 4
66635 1
66668 6
66663 4
66659 3
66651 2
66655 3
66647 3
66648 7
66642 0
66640 0
66639 5
66638 5
66615 13
66718 5
66716 8
66715 0
66696 42
66695 9
66694 0
66693 9
66686 6
66682 34
66674 0
66671 0
66649 0
66751 16
66745 0
66744 0
66736 12
66742 4
66731 2
66730 4
66729 0
66724 7
66722 2
66757 4
66793 12
66766 4
66769 3
66781 31
66762 3
66829 2
66828 2
66827 10
66825 5
66881 19
66885 8
66883 17
66872 3
66869 4
66854 19
66849 4
66928 2
66926 7
66907 7
66910 2
66909 3
66905 38
66896 15
66895 0
66967 9
66954 15
66940 112
66930 2
66939 11
67007 1
67008 58
66998 9
66995 5
66994 3
66991 5
66987 3
66986 30
67050 20
67049 5
66978 20
67012 4
67076 7
67067 6
67125 3
67114 5
67122 0
67116 3
66877 5
67157 7
67090 9
67160 3
67138 5
67131 4
67134 24
67207 9
67127 9
67128 9
67201 13
67190 6
67196 19
67198 49
67180 2
67171 6
67258 9
67243 3
67220 3
67290 2
67272 4
67277 21
67262 7
67298 16
67324 6
67323 2
67312 3
67301 7
67305 10
67362 3
67363 12
67303 15
67355 6
67349 12
67344 3
67350 69
67343 5
67341 11
67398 6
67397 15
67396 23
67337 22
67373 9
67415 3
67393 7
67413 2
67436 1
67431 6
67471 3
67425 19
67462 5
67469 27
67444 10
67452 6
67516 5
67503 7
67515 71
67513 29
67502 20
67527 18
67556 12
67550 6
67528 21
67591 7
67590 8
67588 5
67551 8
67572 6
67567 3
67624 25
67617 5
67623 8
67607 2
67546 7
67602 4
67598 2
67603 7
67597 2
67669 7
67664 13
67663 19
67655 2
67658 7
67705 14
67647 3
67700 10
67680 9
67697 76
67672 5
67673 13
67747 3
67744 2
67739 4
67738 5
67726 9
67725 5
67790 3
67789 4
67788 3
67787 3
67786 6
67783 33
67777 3
67773 7
67769 1
67768 1
67767 5
67761 16
67793 9
67824 0
67822 30
67812 12
67806 9
67794 8
67840 14
67862 9
67855 6
67845 6
67910 9
67733 2
67876 3
67880 91
67952 16
67945 53
67936 4
67943 27
67941 2
67954 239
67988 7
67957 3
67983 6
67977 24
67968 5
67770 10
67960 4
68032 6
68021 16
68015 2
68018 4
67996 4
68081 3
68067 4
68070 4
68066 3
68049 4
68112 11
68104 2
68101 4
68102 5
68098 3
68140 10
68133 18
68178 3
68177 52
68174 1
68165 55
68209 139
68198 27
68194 74
68238 4
68281 7
68234 10
68280 5
68270 3
68273 0
68269 0
68253 11
68257 3
68282 5
68293 5
68292 3
68259 3
68286 18
68287 6
68326 42
68331 5
68324 10
68318 5
68322 4
68316 7
68380 10
68369 1
68368 18
68366 2
68402 3
68393 6
68406 6
68409 30
68449 2
68487 5
68438 2
68473 2
68484 25
68481 19
68489 10
68460 3
68507 3
68514 3
68500 3
68551 9
68535 6
68534 2
68530 4
68525 3
68527 2
68524 0
68581 3
68580 4
68578 30
68575 27
68577 8
68570 2
68566 6
68634 4
68630 0
68628 2
68613 3
68612 7
68631 24
68606 3
68665 20
68653 5
68650 9
68605 42
68648 7
68666 35
68707 17
68702 2
68674 5
68677 2
68676 11
68731 2
68722 6
68715 3
68741 3
68768 2
68760 5
68759 6
68756 28
68752 1
68753 24
68750 3
68808 0
68805 0
68797 6
68798 19
68744 12
68789 12
68799 4
68787 7
68841 2
68840 52
68825 2
68817 5
68871 7
68867 3
68863 6
68855 4
68862 6
68903 10
68907 5
68878 4
68876 3
68875 17
68930 12
68929 50
68941 3
68919 3
68920 4
68912 9
68916 30
68973 9
68960 37
68915 5
68954 3
69004 12
68958 18
69000 3
68992 4
68980 3
69044 14
69032 10
69039 53
69031 9
69027 8
69022 17
69048 1
69046 5
69069 6
69068 5
69055 5
69086 3
69078 2
69126 1
69122 1
69119 12
69115 8
69110 5
69107 0
69152 4
69156 0
69150 2
69148 11
69140 11
69141 23
69134 11
69181 4
69175 1
69139 3
69167 2
69158 4
69170 78
69223 4
69217 5
69205 2
69200 6
69189 3
69255 7
69252 2
69246 3
69248 19
69230 7
69226 1
69241 13
69229 3
69258 2
69271 3
69319 11
69310 4
69301 1
69299 52
69342 3
69341 2
69340 2
69384 1
69377 5
69373 3
69368 81
69362 6
69357 8
69358 3
69416 6
69397 8
69414 110
69281 9
69391 0
69390 19
69419 5
69447 7
69440 6
69441 0
69439 17
69432 5
69431 2
69430 65
69422 3
69453 44
69476 1
69486 8
69472 0
69474 7
69470 0
69454 12
69455 13
69464 15
69515 46
69525 2
69493 3
69557 6
69550 3
69489 0
69504 48
69570 3
69623 3
69555 12
69608 4
69290 10
69597 11
69600 4
69664 11
69659 5
69657 2
69656 7
69654 8
69653 4
69655 4
69650 35
69651 34
69649 173
69704 3
69684 3
69682 12
69680 23
69679 14
69720 6
69754 2
69753 11
69752 19
69750 21
69744 2
69743 10
69741 3
69799 7
69830 3
69828 5
69815 2
69807 4
69866 10
69804 1
69847 6
69868 13
69844 2
69897 11
69888 3
69858 4
69879 5
69876 10
69875 17
69871 2
69872 9
69934 6
69930 9
69928 2
69929 4
69920 4
69925 14
69910 146
69914 0
69937 1
69938 10
69966 34
69978 6
69908 3
69960 6
69946 14
69982 20
69958 7
70000 11
70008 2
69984 78
69994 5
70046 16
69997 10
70016 4
70025 8
70024 0
70043 23
70022 0
70021 1
70097 1
70089 3
70083 1
70081 2
70077 4
70076 1
70071 3
70092 156
70066 9
70119 8
70063 34
70115 3
70117 9
70109 15
70159 23
70158 15
70154 4
70141 9
70137 4
70088 7
70166 4
70198 16
70188 5
70187 5
70186 7
70180 2
70199 3
70230 2
70221 2
70219 0
70208 9
70232 40
70256 4
70255 18
70241 9
70246 2
70308 4
70301 4
70300 0
70296 10
70295 0
70283 11
70275 2
70347 22
70350 0
70341 4
70329 0
70324 21
70320 2
70318 15
70371 2
70368 0
70366 6
70362 0
70354 47
70408 4
70409 98
70385 6
70381 0
70441 2
70380 6
70438 3
70429 7
70411 11
70477 21
70464 7
70470 4
70458 16
70460 18
70454 1
70512 2
70451 3
70511 4
70502 0
70492 0
70489 17
70546 11
70545 1
70542 3
70537 3
70534 2
70530 0
70525 6
70567 27
70557 5
70576 24
70603 4
70578 1
70600 6
70598 0
70595 17
70594 3
70592 3
70586 0
70610 9
70625 3
70646 1
70671 3
70668 0
70677 9
70667 2
70661 3
70621 6
70648 8
70654 26
70707 6
70702 16
70653 1
70688 3
70685 5
70683 5
70686 3
70712 4
70742 8
70718 20
70726 4
70761 21
70757 7
70758 11
70753 4
70711 10
70747 5
70744 6
70796 8
70791 19
70792 4
70790 5
70784 6
70748 10
70782 4
70797 2
70780 9
70830 5
70824 0
70813 5
70811 11
70815 4
70804 4
70801 9
70832 8
70769 6
70850 23
70834 6
70807 1
70852 7
70872 5
70865 1
70916 9
70914 2
70906 3
70909 31
70900 3
70933 2
70923 7
70919 1
70970 9
70962 4
70959 10
71001 11
70990 5
70980 9
71037 1
71032 17
71027 5
71010 2
71022 5
71068 1
71051 2
71046 4
71045 2
70947 4
71044 2
71105 19
71086 3
71125 27
71122 7
71158 6
71111 1
71156 2
71155 3
71139 3
71144 25
71110 1
71225 5
71204 15
71207 4
71212 3
71269 3
71266 6
71261 2
71265 3
71259 3
71250 2
71260 4
71311 18
71301 3
71296 6
71291 23
71100 3
71331 3
71328 2
71320 5
71372 4
71363 9
71361 9
71358 14
71354 8
71353 8
71352 5
71348 3
71399 4
71398 4
71397 4
71393 14
71392 6
71391 3
71378 34
71404 15
71434 8
71425 4
71463 6
71462 28
71459 3
71455 4
71435 4
71406 2
71489 2
71474 5
71478 6
71470 13
71491 1
71465 10
71517 1
71515 2
71512 3
71511 4
71502 12
71509 19
71542 4
71540 18
71537 1
71534 13
71532 28
71544 10
71527 9
71519 2
71580 4
71579 7
71573 5
71564 6
71565 22
71556 5
71572 4
71607 3
71606 3
71604 7
71601 6
71599 13
71590 11
71597 3
71615 2
71613 4
71609 1
71633 4
71626 3
71644 5
71667 3
71673 5
71655 1
71649 5
71702 7
71699 8
71695 1
71689 6
71685 3
71679 4
71731 14
71715 14
71725 5
71724 0
71722 6
71721 19
71718 11
71717 55
71752 8
71750 0
71742 5
71756 4
71787 122
71785 3
71782 8
71775 5
71772 3
71814 7
71740 7
71812 14
71798 4
71811 21
71838 6
71829 19
71797 7
71828 15
71825 2
71823 4
71820 5
71876 13
71871 5
71873 8
71870 5
71869 8
71817 24
71861 1
71866 0
71856 3
71855 7
71849 2
71848 18
71905 8
71854 3
71903 4
71900 13
71894 0
71886 2
71885 4
71911 7
71937 2
71935 1
71931 3
71913 14
71921 0
71965 2
71962 12
71961 25
71958 7
71957 15
71951 4
71947 3
71946 1
71942 2
71992 10
71983 12
71979 0
71976 6
71975 4
71974 5
71972 5
72021 3
72020 6
72019 8
72006 3
72038 60
72002 2
72009 1
72039 2
72054 12
72034 3
72052 5
72085 1
72083 5
72076 6
72078 1
72065 3
72048 234
72107 12
72110 7
72057 119
72102 73
72089 0
72144 5
72094 4
72143 4
72137 21
72138 36
72130 4
72127 14
72118 12
72120 1
72145 17
72150 12
72154 5
72147 11
72169 2
72164 8
72159 2
72158 3
72181 3
72157 2
72179 7
72205 1
72197 0
72168 3
72196 3
72226 5
72216 12
72224 16
72206 12
72234 2
72211 88
72221 14
72228 12
72255 4
72225 3
72246 0
72243 12
72245 3
72237 6
72239 8
72236 7
72259 2
72269 1
72309 33
72267 7
72306 8
72305 4
72301 5
72113 4
72297 1
72299 9
72296 55
72316 1
72342 1
72345 193
72293 0
72334 2
72333 4
72328 2
72327 4
72324 1
72326 4
72323 5
72318 4
72319 2
72350 4
72378 2
72371 19
72365 3
72360 3
72359 15
72354 2
72399 2
72384 79
72383 9
72381 10
72362 3
72405 4
72404 9
72402 10
72432 6
72427 1
72388 5
72420 3
72409 6
72417 2
72456 11
72458 16
72421 5
72451 2
72445 3
72439 5
72443 3
72467 1
72438 15
72493 4
72485 8
72513 15
72481 4
72478 4
72538 1
72496 12
72535 5
72534 2
72580 6
72585 25
72576 3
72578 2
72566 2
72575 8
72563 4
72562 5
72617 5
72616 3
72615 3
72611 8
72604 5
72602 9
72598 4
72591 2
72641 5
72637 8
72632 0
72627 4
72634 7
72621 60
72624 2
72501 5
72620 2
72669 4
72618 4
72656 3
72668 51
72651 4
72648 6
72678 2
72675 4
72653 158
72670 4
72702 32
72698 6
72694 19
72688 7
72685 1
72680 5
72682 31
72715 7
72701 15
72728 14
72726 25
72724 20
72720 3
72732 6
72719 49
72751 12
72718 5
72749 3
72761 10
72748 41
72753 50
72756 5
72778 3
72777 20
72774 8
72773 9
72770 6
72763 2
72822 3
72817 35
72816 9
72815 7
72804 4
72799 0
72806 49
72823 17
72828 2
72819 14
72827 4
72829 5
72825 17
72853 6
72852 24
72850 2
72844 32
72837 5
72860 3
72862 45
72861 3
72854 7
72876 2
72914 4
72878 97
72911 14
72906 54
72910 2
72940 7
72926 7
72922 1
72949 5
72948 19
72957 26
72977 13
72974 4
72971 2
73012 4
73011 2
73008 3
73000 0
72995 0
73005 46
72989 3
72990 3
72984 11
73045 4
73037 3
73043 14
73035 6
73030 20
73027 24
73026 1
73065 3
73054 8
73051 6
73009 2
73050 1
73072 13
73069 18
73097 4
73098 0
73096 0
73095 1
73086 4
73084 11
73094 0
73077 16
73089 22
73115 3
73106 3
73107 4
73131 1
73116 5
73108 3
73127 14
73123 0
73130 2
72959 1
73117 5
73147 33
73141 8
73153 2
73187 10
73152 2
73178 4
73171 5
73189 3
73174 2
73167 4
73188 5
73219 22
73204 3
73207 5
73195 7
73216 0
73218 5
73251 7
73196 2
73239 2
73193 6
73235 3
73268 6
73271 51
73266 11
73263 0
73280 0
73258 26
73306 2
73302 3
73305 12
73297 34
73293 2
73292 3
73290 2
73287 1
73282 2
73332 5
73329 19
73326 7
73321 2
73323 19
73320 2
73361 3
73319 26
73360 1
73358 2
73354 4
73353 1
73351 10
73349 5
73344 4
73337 5
73395 6
73393 3
73370 17
73369 6
73383 6
73389 5
73382 2
73375 11
73374 6
73420 11
73373 4
73419 35
73416 6
73414 10
73411 2
73412 9
73409 4
73406 13
73405 2
73401 4
73404 14
73445 1
73397 10
73439 9
73442 0
73438 5
73436 16
73422 5
73425 5
73446 2
73475 18
73471 6
73472 1
73462 2
73470 44
73457 5
73453 3
73454 31
73476 6
73495 3
73448 63
73489 9
73488 4
73481 7
73478 2
73479 10
73528 2
73516 3
73511 7
73524 2
73508 7
73505 1
73529 1
73556 2
73444 4
73546 4
73466 6
73543 4
73538 5
73530 3
73584 23
73562 4
73561 10
73573 30
73572 3
73570 8
73567 4
73568 14
73607 5
73587 4
73638 2
73637 6
73626 3
73618 0
73681 2
73671 4
73659 2
73666 4
73658 0
73712 72
73708 7
73721 54
73700 2
73690 8
73740 4
73731 1
73727 8
73747 0
73779 3
73765 170
73767 0
73759 4
73760 5
73814 3
73803 7
73805 3
73828 5
73829 2
73827 5
73826 13
73818 2
73861 5
73857 22
73854 5
73852 4
73850 10
73843 7
73802 1
73898 14
73868 11
73866 4
73892 2
73890 9
73881 10
73888 0
73880 4
73872 19
73923 3
73919 2
73908 1
73905 2
73922 2
73904 16
73961 50
73963 6
73901 5
73950 1
73938 3
73959 5
73978 5
73968 3
74020 5
74019 9
74012 7
73967 6
74009 2
74006 1
74029 5
74033 3
74065 2
74061 4
74057 15
74045 5
74035 5
74036 2
74086 5
74078 2
74076 0
74075 2
74069 8
74111 4
74108 3
74106 6
74104 1
74102 2
74125 2
74144 4
74129 9
74161 7
74158 2
74159 3
74180 4
74175 3
74179 3
74167 18
74218 11
74170 4
74191 2
74225 1
74224 14
74220 9
74237 2
74219 12
74271 23
74231 91
74268 6
74252 5
74250 25
74251 6
74247 5
74249 53
74273 10
74246 5
74293 2
74257 6
74284 2
74283 5
74282 5
74279 4
74301 3
74335 16
74333 22
74332 3
74331 1
74330 4
74326 3
74324 2
74323 0
74322 6
74317 8
74315 4
74312 4
74328 1
74308 4
74360 14
74358 2
74355 4
74339 3
74349 2
74307 12
74348 2
74346 1
74345 3
74343 3
74394 9
74342 1
74388 2
74341 1
74386 3
74393 7
74415 7
74367 2
74403 40
74429 55
74426 2
74424 4
74421 6
74417 11
74457 5
74456 8
74449 6
74422 5
74447 4
74440 6
74439 23
74441 8
74467 12
74463 8
74461 2
74484 4
74481 3
74515 10
74512 1
74511 2
74510 18
74508 2
74504 1
74506 66
74501 14
74499 6
74492 1
74494 6
74535 2
74534 7
74527 7
74518 4
74517 2
74546 147
74570 3
74590 9
74587 4
74601 4
74615 4
74604 3
74602 6
74655 2
74642 8
74639 4
74634 17
74688 4
74685 35
74682 232
74665 8
74610 4
74680 13
74681 10
74678 29
74675 6
74667 5
74669 16
74689 5
74692 3
74713 9
74739 1
74738 5
74735 5
74727 4
74736 4
74721 3
74741 5
74753 2
74752 5
74744 11
74743 19
74742 6
74769 5
74768 19
74765 4
74758 12
74796 2
74757 5
74737 61
74778 3
74788 3
74782 3
74773 7
74797 1
74775 30
74825 4
74823 13
74820 6
74819 16
74816 4
74814 1
74806 42
74813 3
74799 32
74852 6
74851 2
74849 4
74883 17
74875 13
74864 2
74891 75
74640 2
74890 4
74931 4
74920 3
74969 17
74965 2
74964 11
74961 1
74958 3
74957 28
74956 10
74955 46
74947 15
74972 9
74994 7
74992 34
74973 11
75009 0
75004 2
75003 3
75002 3
74997 25
75013 6
88302 16
88301 17
88304 68
75026 21
75025 3
75023 3
75021 8
75022 139
75019 8
75020 4
75017 7
75018 5
75016 4
88326 14
88312 15
88311 2
88308 8
88334 5
88330 4
88329 1
88367 34
88359 2
88356 3
88357 3
88355 5
88352 6
88340 5
88339 11
88337 6
88369 2
88381 9
88377 259
88378 13
88373 7
94519 11
94521 3
94517 9
94516 6
94513 12
88402 5
94446 5
94442 5
94431 4
94466 3
94467 18
94462 2
94458 2
94507 2
88360 46
94486 3
94484 4
94485 7
94501 3
94500 7
94497 3
111462 1
111324 3
111278 2
110927 3
110881 3
110828 1
110748 2
110708 2
110531 4
110588 1
110213 2
101569 6
109082 2
111622 0
136353 3
136351 3
136340 22
101428 8
129706 3
123372 2
123486 3
112322 18
136377 5
136376 6
136374 9
136366 1
136354 5
136555 8
136552 11
136551 2
136532 3
136521 8
136500 7
136502 3
136499 2
136474 10
136442 12
136439 8
136438 54
136408 11
136666 14
136662 1
136645 0
136656 8
136639 5
136644 33
136637 3
136607 4
136586 3
136580 2
136579 7
136565 1
136561 3
136738 12
136732 4
136725 17
136726 13
136702 6
136697 4
136684 10
136683 9
136681 8
136673 16
136672 2
136891 3
136888 2
136870 1
136850 7
136848 7
136799 7
136815 29
136777 6
136773 6
136771 5
136754 2
136750 4
136943 8
136927 4
136941 18
136922 1
136905 1
136903 8
136904 4
136921 170
136974 4
136994 7
136970 23
136969 6
136954 3
136998 11
136996 2
136995 6
137052 0
137051 1
137046 4
137050 0
137024 6
137029 2
137053 2
137023 17
137022 16
137017 2
137001 7
137006 11
137000 2
136999 2
137156 3
137154 8
137142 3
137139 1
137137 9
137120 5
137084 6
137010 2
137075 5
137065 16
137067 7
137061 6
137060 0
137059 1
137056 0
137058 0
137165 4
137251 0
137257 5
137057 1
137181 9
137185 3
137182 15
137244 1
137249 4
137243 4
137240 1
137241 3
137235 3
137232 3
137206 14
137200 4
137317 3
137315 3
137314 0
137303 12
137311 2
137267 14
137259 3
137301 2
137296 2
137293 5
137292 1
137291 2
137290 8
137289 2
137284 4
137278 2
137276 4
137319 10
137379 8
137377 4
137362 3
137340 39
137140 6
137334 8
137333 2
137332 2
137331 3
137324 1
137323 1
137320 1
137393 20
137500 3
137336 3
137498 4
137496 14
137457 5
137481 4
137452 7
137441 5
137430 8
137432 24
137429 14
137427 2
137421 10
137401 7
137394 62
137551 1
137550 4
137539 8
137536 3
137535 6
137533 12
137322 1
137523 0
137520 11
137515 6
137514 4
137512 3
137509 8
137508 7
137517 6
137636 2
137635 3
137552 2
137630 6
137614 8
137611 4
137606 3
137604 9
137605 7
137597 7
137595 9
137578 3
137576 10
137679 3
137575 0
137671 25
137670 6
137669 8
137665 12
137668 7
137662 13
137660 3
137659 3
137652 5
137650 3
137693 1
137638 8
137756 11
137753 10
137742 14
137735 7
137730 48
137663 5
137717 2
137713 4
137711 10
137709 8
137707 6
137796 5
137795 1
137794 2
137765 3
137763 4
137762 2
137778 5
137777 3
137783 3
137779 3
137776 5
137774 3
137793 2
137773 1
137771 2
137770 4
137766 4
137767 5
137798 6
137857 3
137856 8
137854 3
137858 2
137852 3
137840 4
137839 5
137848 2
137838 4
137833 8
137832 11
137814 3
137811 4
137806 17
137829 2
137804 10
137803 11
137895 2
137872 5
137871 2
137869 2
137867 2
137868 3
137772 2
137864 6
137866 5
137862 5
137861 14
137926 27
137860 10
137923 2
137898 3
137897 1
137997 9
138057 6
137989 3
138045 6
137968 9
137960 3
137929 3
137955 27
138130 5
138123 1
138128 58
138096 5
138083 25
138117 1
138084 15
138367 11
138061 5
138366 19
138331 4
138335 3
138339 9
138234 5
138261 7
138237 4
138236 3
138222 16
138522 2
138520 15
138694 19
138692 7
138221 10
138435 3
138642 3
138637 6
138464 4
138462 7
138459 8
138439 4
138791 10
138544 2
138543 2
138806 10
138115 6
138803 5
138802 3
138705 12
138662 2
138541 7
138539 2
138470 4
138428 24
138628 10
138513 35
138400 9
137541 0
137846 3
139013 4
139017 6
138302 3
138280 8
138878 8
138908 8
139012 3
139008 3
139007 3
139006 9
139005 53
138545 3
138793 1
138329 22
138720 7
138708 3
138058 6
138205 10
139101 13
139033 16
139064 27
139037 7
139051 10
138852 2
138903 48
138798 10
138904 23
138416 5
138413 7
138560 3
138737 2
138559 6
138398 0
138392 4
138250 2
138249 3
138248 1
138394 4
138598 3
138596 2
138595 2
138262 6
138246 0
138569 6
138746 3
138622 0
138611 4
138607 3
138606 5
138739 4
138602 12
138615 4
138597 3
138613 12
138571 16
138570 2
138747 2
139143 19
138900 6
139094 9
138988 3
139039 7
139142 4
139141 3
138748 4
136614 76
139528 5
138920 4
139256 1
139212 7
139250 5
139486 6
139105 3
138997 25
138930 2
138906 14
138913 11
138252 2
138266 16
139257 4
139367 3
139294 27
139295 5
139332 5
139281 6
139328 2
139163 2
139275 2
138608 16
138197 0
137908 0
139260 1
137227 4
139114 2
139948 9
139669 5
139548 2
139756 5
139538 5
139537 5
139535 6
139798 2
139811 6
139754 8
139747 15
139630 8
139573 3
139545 2
139544 3
139264 18
139267 16
139815 11
139755 2
139542 2
139265 19
139234 1
139818 5
139546 2
139433 1
139582 4
139211 6
139431 2
139430 5
139207 3
139202 2
139193 3
140069 11
139192 3
139893 4
139854 7
139894 196
139434 2
140253 6
139926 8
140336 8
140175 14
140205 16
140147 2
140146 2
140127 10
139458 3
139436 3
139448 10
139447 7
139438 1
139437 3
140255 3
139465 6
139464 8
140579 3
140484 4
140378 3
140367 3
140318 2
140465 9
140460 6
140202 22
140186 21
139744 5
140363 6
140335 6
139209 9
139204 10
140377 2
140234 0
139459 36
140626 0
140625 5
140624 2
140623 2
140622 1
140621 1
139134 13
139129 2
139097 2
139016 4
139482 3
140346 2
140835 10
140159 3
140155 4
140031 4
140018 25
139763 3
139761 2
140686 2
140647 4
140596 3
140632 3
140646 2
140618 12
140576 1
140498 20
140169 10
140723 7
140722 1
140879 6
140839 5
140779 9
140774 3
140692 11
140740 12
140886 29
140882 7
140884 36
140724 3
140933 41
140698 35
141032 5
141037 3
141033 13
140756 5
140939 6
140754 7
140938 2
140937 14
140757 7
140906 4
140887 21
140893 107
141230 7
141229 28
141224 10
141072 3
141019 7
141021 62
141008 3
141003 6
140985 10
140987 6
138418 2
141132 24
140808 2
141301 15
141297 7
141155 2
141036 3
140481 17
140401 3
141295 7
141296 4
141253 2
141248 3
141231 6
141247 10
140849 4
140816 3
140447 3
140815 2
140814 2
141388 4
141306 7
141205 6
141303 25
141304 28
140820 3
140811 2
141337 3
140944 6
141160 2
141376 22
141158 3
141360 2
141357 7
141344 9
141403 5
141553 55
141361 3
141400 4
141571 2
141461 3
141053 2
141101 1
141390 4
141565 19
141011 20
141717 8
141392 8
141494 11
141498 3
141159 2
140903 6
141520 12
141524 6
141451 12
141489 10
141322 4
140902 33
141696 6
141695 4
141606 2
141607 4
141694 4
141590 4
141239 5
141699 7
141764 3
141688 5
141547 6
141535 10
141588 10
141514 8
141499 12
141770 3
141509 6
141506 42
136975 7
136883 4
141709 5
141594 4
141891 4
141890 2
141889 2
141495 2
141887 12
141510 4
139637 6
141490 21
142082 7
141672 8
141585 2
141583 6
137593 3
139027 9
138932 5
141679 1
141715 2
142087 7
142085 5
142083 6
142002 6
141999 5
141998 5
141994 2
142079 3
142043 6
141830 1
141829 2
141827 2
141828 1
141824 2
142018 2
141823 2
141822 2
141821 2
139263 4
141776 11
142120 3
142122 3
142121 4
142181 5
142006 2
142183 57
142008 5
142151 6
142003 3
142001 18
142092 8
141996 10
141995 12
142005 3
142010 1
141831 2
142115 3
142119 4
142275 3
142114 2
142004 2
142179 3
137658 4
142127 6
142113 4
142118 1
142263 2
142287 2
142268 1
142289 3
142296 1
141758 4
141783 6
142266 1
142288 3
142265 4
142264 1
142346 3
141794 47
142390 2
142347 14
141640 2
142298 1
141641 2
142269 3
142278 2
141795 19
141561 10
141564 13
142267 1
142293 2
142292 2
142285 3
142579 5
142316 13
142207 7
142533 3
141757 34
142449 9
142393 4
142291 7
142142 2
142426 12
142294 8
142448 4
142428 12
142427 7
142802 3
142418 7
142795 8
142501 19
142562 77
142276 1
142425 18
142613 14
142797 3
142796 4
142576 4
142581 10
142641 5
142800 10
142826 4
142798 5
142634 3
142230 2
142187 14
142625 5
142601 3
142799 6
142580 4
142801 16
142886 5
142603 6
142927 7
142149 3
142255 1
142678 3
142834 3
142949 2
142640 22
142600 2
142925 4
142771 7
142496 9
142761 25
142932 2
142701 2
143041 7
143051 5
142683 3
142977 14
142910 5
142817 14
142711 2
142712 1
143100 6
142696 5
143031 4
143019 9
142697 2
142722 3
142718 1
142714 2
142713 2
143059 3
142682 6
143036 33
143049 33
142690 5
142708 1
142715 2
142716 2
142725 2
142730 1
142608 14
142731 1
143052 9
142985 6
142723 1
142616 6
142721 1
142705 4
142727 2
142740 1
143164 3
143176 8
142724 1
142694 3
143109 4
142737 1
143115 3
143366 5
143162 2
142746 4
142735 4
143140 9
142703 3
143190 5
143126 5
142739 1
143147 7
143195 15
142707 2
142734 1
142728 1
142698 1
143375 3
143180 73
143370 0
143118 3
143259 9
143376 0
143368 6
142717 4
143187 12
143377 2
143381 5
143380 2
142695 4
143457 17
143262 2
143604 6
143371 1
143231 3
142726 2
143221 4
143365 9
142702 3
143379 2
143220 8
143296 7
143470 9
142699 3
143437 3
143213 17
143654 12
143617 4
143652 11
143367 6
143228 2
143574 24
66242 3
143324 4
143579 14
143459 4
143396 3
143510 5
143217 7
143229 3
143233 3
143399 1
143230 4
143911 8
143910 7
143821 6
143748 3
143802 2
143895 4
142941 0
143651 14
143779 2
143683 26
143778 2
143445 24
143777 2
143693 11
143696 9
143214 7
143937 8
143796 3
143933 5
143776 8
143222 8
144063 5
144108 3
143443 9
143864 6
143947 7
143722 1
142820 10
142573 3
144218 8
143504 5
144200 6
144151 4
143451 8
144162 2
144226 12
144280 3
144231 3
144133 9
144176 3
144329 16
144350 6
144292 2
144455 55
136556 10
136746 7
144037 3
144043 1
144044 1
144018 1
144019 2
144042 0
144041 0
144038 2
144476 3
144553 6
144641 23
144639 35
144587 23
143319 50
144175 6
144365 3
144113 3
144498 10
144811 7
143425 7
143427 5
144195 1
143430 5
144385 2
143357 2
144194 5
144675 17
144662 16
144316 17
144112 3
144386 2
144387 3
144404 2
144403 4
144190 4
144191 6
144441 2
144809 14
144589 10
144661 6
144660 4
144659 16
144622 10
144646 53
144583 5
144818 12
144990 4
144607 2
144942 5
144825 5
144802 5
144398 1
144400 1
144399 1
144402 2
144801 17
144993 4
144558 2
144594 6
144518 12
144557 2
144126 2
144816 2
144907 9
144909 23
144943 126
145045 4
145046 4
145047 5
144395 3
144392 3
144396 2
144653 5
144849 2
144897 18
145305 6
145479 17
145019 8
144768 14
145218 4
145216 2
144902 4
145217 3
144906 3
144650 7
144905 16
144784 16
145215 4
144649 3
142650 4
145457 22
141992 5
145113 5
145413 2
145456 2
144854 2
144892 5
144893 6
144807 4
144941 3
144894 4
145453 3
145751 8
145753 12
144213 6
145772 8
145458 12
145766 124
145731 14
145750 5
145574 43
145701 3
145631 9
145575 7
145551 7
145375 6
145516 40
145947 6
145920 11
145896 3
145899 10
145897 3
145820 5
145588 6
145592 3
145865 7
145875 7
145876 2
145423 5
145452 6
145444 5
145680 24
145392 2
145775 131
145781 3
145779 2
145778 2
145777 3
145555 3
145265 3
145942 8
145122 6
146090 3
145726 4
145106 24
146025 6
145745 18
145655 10
146048 12
145998 11
146001 5
146008 2
145923 5
146009 3
146010 3
145885 1
136787 17
146111 2
145965 5
145936 2
145291 7
145818 6
146385 3
146400 11
146049 2
146125 15
146429 4
146399 20
146138 12
146478 5
146329 4
146149 10
146434 17
145643 9
146431 2
146347 11
146030 5
146406 12
146389 8
145877 6
146163 9
146589 27
145927 2
145925 3
145114 20
145112 3
145929 10
146392 5
146336 6
146026 6
145990 3
144966 4
145946 7
146387 6
145988 3
146179 2
146477 13
146688 2
146716 8
146736 45
146503 6
146687 2
146682 8
146432 4
146464 10
146454 8
146465 6
146468 7
146444 17
146157 2
146686 3
146895 11
146095 5
146078 4
145664 12
146889 5
146888 10
146863 17
146631 13
146471 3
146472 2
146255 6
146760 12
146091 5
146188 15
146894 45
146181 25
146178 6
146892 7
146219 3
146208 9
146167 2
146169 2
146817 103
146168 5
146217 0
146216 26
146426 10
146896 11
146205 19
147020 13
146063 4
144209 3
144208 11
146247 98
146218 6
146215 22
146203 7
146201 10
146679 30
146187 2
146248 22
146184 2
146185 3
146898 11
146180 2
146212 10
146183 3
146202 8
146210 3
146200 1
146206 2
146721 19
146715 8
146476 5
146508 6
146186 3
146182 2
146893 6
146777 2
146577 9
146920 12
146951 7
146625 6
146960 5
146932 5
146718 4
146994 70
146931 5
147237 16
146244 2
146720 2
146829 12
147277 6
147275 10
146871 3
147345 22
147181 5
147150 4
146588 8
146676 2
147115 4
147114 3
146723 55
146626 9
147040 27
146972 4
147048 14
146973 2
147209 6
146633 43
147075 167
146191 6
146948 3
146947 2
146946 6
147478 2
147340 21
147119 4
147088 4
147331 7
147117 5
147141 8
147131 8
147126 3
147125 2
147144 6
147124 2
147127 27
147147 3
147090 4
147128 9
147537 5
147425 2
147540 7
147522 15
147352 3
147175 29
147068 1
147067 6
147534 2
147436 3
147525 13
147615 5
147618 4
147542 8
147709 8
147337 2
147601 6
147473 2
147472 2
147701 12
147695 23
147429 2
147430 1
147579 2
147468 18
147046 2
147541 2
148007 10
148006 24
147116 2
147941 9
147624 2
147592 3
147850 2
147714 2
147757 2
147580 7
147628 2
147957 3
147846 2
147906 34
147741 7
147865 19
147885 5
147897 5
147604 2
147603 10
147253 16
147462 5
147610 3
147851 20
147609 3
147605 2
148081 5
146652 6
144538 8
145958 6
148135 17
145059 10
148159 3
148002 14
146653 6
148333 10
148163 15
148288 10
148289 20
148168 2
148127 4
147311 4
148165 3
148167 3
148162 4
148203 27
148160 6
148080 5
148019 106
148017 4
148340 2
148287 5
148294 21
147802 3
147796 4
148253 2
148201 30
148864 13
148477 7
148958 22
148579 28
148735 5
148728 4
148459 9
148378 2
148651 13
148620 14
148623 12
148655 9
88418 10
148316 3
148518 3
148164 6
148551 3
148970 7
148969 7
148968 29
148547 2
144945 5
148627 27
148626 15
148625 8
149001 14
148462 27
148180 2
149080 6
148617 2
148615 8
148823 8
148889 4
148322 3
149030 8
148321 2
148935 2
148320 4
148772 1
148774 1
149033 43
148771 1
148974 3
149234 2
148760 11
149087 3
148769 146
149299 8
148759 3
149170 10
149310 1
148207 7
148784 6
148851 27
148988 7
148887 1
149125 9
148989 5
149471 3
148786 35
149233 2
148225 4
149315 11
148752 3
148743 3
149469 7
148224 2
149370 2
148222 2
149604 3
148809 3
149472 6
149474 6
149578 5
149690 5
149544 2
149548 25
149498 4
149477 2
149421 8
149389 0
149334 7
149335 15
149374 11
149364 6
149522 86
149446 3
149319 63
149710 6
149424 3
149832 2
149694 5
149811 5
149810 5
149865 10
149809 3
149788 4
150052 9
149706 9
149622 4
149702 3
149704 3
149749 6
149743 13
149741 4
150094 2
149718 5
150098 5
149745 3
150093 2
148834 3
148186 10
148097 23
150092 17
149967 2
148850 1
148755 19
149867 2
149719 27
148832 3
149072 4
148835 2
149959 2
150202 7
149697 2
150207 4
150211 2
150170 2
150048 2
150155 15
149821 8
150064 4
149822 40
150096 2
150204 3
150116 10
149944 0
150097 3
150176 9
149899 23
149937 0
149935 0
149939 2
149938 0
150222 3
150224 2
150223 2
149936 7
149941 0
149945 0
150420 2
150421 4
150419 5
150189 37
149940 0
150499 6
150627 9
150379 2
149942 0
150377 4
150378 3
150376 3
150336 3
149825 6
150789 4
150802 5
150633 9
150624 3
150623 3
150410 6
150409 5
150386 2
150689 6
150426 3
150203 5
150383 2
150380 2
150261 3
150791 3
150769 12
150764 30
150768 5
150786 175
150748 8
150754 5
150655 7
150618 15
150720 3
150755 6
150719 6
151106 14
151105 3
151108 17
151107 66
151109 24
151111 6
151112 103
151110 10
151113 9
150639 3
150372 3
149632 8
150474 2
150747 2
150475 17
151212 2
150451 5
150860 8
150859 10
150429 7
150359 28
150893 19
150858 11
149877 3
150371 9
151211 7
151210 6
150849 3
150814 11
150899 35
150806 14
151114 12
150797 16
151255 5
150790 3
150888 16
151056 8
149847 8
151396 3
151343 10
151276 7
151216 4
151068 4
144684 7
150566 11
150839 5
151215 3
150840 7
150841 4
151595 4
151790 4
151325 12
151764 3
151824 10
151606 4
151661 8
151659 3
151667 7
146390 4
151359 6
151129 5
150140 4
150133 3
150135 2
150134 3
150129 6
147112 4
144739 6
150834 6
150833 12
150567 3
150568 51
150835 7
150836 14
151274 0
150843 3
151196 2
150560 6
151501 2
151155 5
151156 3
150417 3
151565 15
150690 4
150414 19
150691 5
150352 3
150415 6
150143 3
149685 5
150144 2
150141 0
150214 6
151810 11
151223 2
151231 23
151233 2
151213 4
151827 100
151217 5
151886 2
151159 5
146774 6
146395 17
151811 20
151230 9
151682 2
151681 2
151684 1
151683 3
151687 2
151584 2
150844 5
151586 2
151224 2
151219 1
151234 2
151218 2
151680 2
151979 3
151980 2
151981 5
151585 2
151983 6
151911 6
151222 2
151221 2
151568 3
151758 4
151567 2
151720 5
151831 2
151759 6
151889 13
151908 4
151854 9
151836 31
151726 5
151727 4
151573 13
151940 2
151882 3
151563 1
151725 1
151564 4
151728 3
151975 12
151580 3
151578 5
151988 4
151972 11
151572 2
151976 21
152111 2
152267 4
152159 5
152154 3
152001 20
151579 4
152333 5
152334 5
152335 10
151591 6
151577 8
151582 2
151826 4
152128 7
152121 9
152160 39
151537 3
152273 7
149912 10
152283 6
152153 3
152258 2
152344 4
152161 6
151593 18
152270 2
144735 2
151576 17
152268 22
152123 5
152509 3
152434 4
152195 4
152259 2
151616 0
151987 5
152200 10
149846 4
152467 6
152383 13
152508 11
152515 3
152503 30
152479 14
152455 69
152440 3
152342 2
152073 4
152435 3
152533 3
152496 5
152132 3
152495 4
152804 3
152372 8
152493 5
152802 10
151752 3
152500 5
152492 2
152538 55
152521 3
152498 7
152724 2
152596 11
152700 2
152514 8
152511 5
152221 6
152610 2
152664 2
152803 18
152928 4
152332 9
152958 2
152960 2
152961 3
152809 32
152368 0
152662 2
152663 2
152976 20
152845 2
152846 0
152735 6
152847 3
152848 5
152898 4
152863 3
152794 11
152925 4
152867 12
152921 3
153040 4
153035 7
153033 12
152966 3
152939 3
153005 39
153085 4
153308 6
153135 3
152967 2
153165 23
153089 13
153042 4
153273 2
153272 3
153303 3
153333 13
153451 2
153203 2
153301 65
153086 3
153210 7
153599 9
153602 26
153610 5
153393 3
153678 7
153360 39
153462 31
153485 3
153369 7
153313 4
153630 18
153616 3
151990 6
153080 1
152331 10
152022 2
151574 6
153611 4
153551 16
151590 21
151669 6
154013 7
154007 18
153908 9
153312 5
153898 1
153977 23
153248 6
152750 105
154059 12
153944 2
153849 3
153915 7
153875 4
153959 3
153994 10
153933 4
154000 30
154022 3
150845 2
154021 4
153932 19
154057 9
154039 4
154056 8
154065 3
154068 5
154074 5
154069 4
154147 8
154070 8
154004 5
154005 2
154001 13
154146 3
154026 2
154173 5
154210 5
154060 11
154166 5
153998 13
154087 7
154085 3
154084 5
154086 26
154169 1
154099 2
154066 4
154167 1
154062 26
153783 4
153782 2
153652 2
154177 1
154178 6
153984 3
154175 3
154002 5
154137 5
154183 15
154180 6
154171 38
154064 18
153988 1
153989 4
153990 4
153996 10
154181 11
153964 3
153688 3
154355 3
153689 36
153792 3
154394 6
154299 2
151997 2
153822 4
153796 2
153798 2
153797 2
153864 1
154076 3
153973 10
154398 3
154439 3
154531 3
154427 19
154644 3
154466 4
154465 7
154367 3
154369 5
154326 4
153824 2
151989 2
154368 5
154396 4
154808 3
154656 7
154740 5
154723 3
154741 6
154739 4
154395 3
153785 3
154801 9
154591 3
154943 4
154942 3
154744 2
154879 3
154827 3
154592 15
154713 10
154693 15
154632 6
154547 4
154784 3
154544 46
154785 5
154911 2
187444 13
155051 18
155047 2
155052 6
155048 1
154927 2
154898 56
154925 4
154987 7
154852 20
154804 3
154707 20
154778 3
187530 8
187461 99
187416 6
154937 44
154920 6
155005 10
154978 2
153885 12
154850 7
187420 13
187432 6
187471 7
187677 4
155081 5
187634 2
154958 2
187430 27
154585 4
155000 3
155094 4
187452 11
187872 1
187874 6
187875 7
187618 5
154999 8
155040 6
155076 6
187656 3
154859 5
187515 3
155012 8
187427 7
187870 1
187533 157
187542 3
187903 2
155080 7
187509 4
187865 15
187629 3
187869 2
187654 5
187768 1
155016 11
155107 15
187469 2
188004 3
188005 2
188006 3
187756 8
187758 6
188020 7
188009 4
187868 1
187867 1
188014 2
188097 3
188013 8
188327 10
154300 4
154931 1
154889 4
187745 7
154990 2
154805 94
188215 2
188049 4
188082 10
188302 14
188262 4
188063 6
187856 7
188180 11
187774 6
188309 15
188181 12
188111 3
188143 1
188090 3
188062 6
154250 4
188124 2
188083 4
187944 6
188330 5
188214 46
188433 2
188141 2
188421 2
188331 5
188420 2
188377 14
188380 0
188381 3
188517 8
188432 4
188483 3
188431 3
188429 3
188631 3
188566 0
188699 4
188427 2
188544 4
188424 2
188562 4
188648 8
188652 9
188563 5
188591 4
188647 5
188646 5
188707 11
188428 2
188766 3
188629 4
188515 3
188683 7
188655 5
189000 0
188516 9
188422 3
188423 3
189028 17
188940 4
189029 17
187609 8
189031 18
188952 1
188953 2
188801 3
188901 5
188879 9
188860 3
188872 2
188950 5
188968 3
188947 1
188771 4
188951 2
188772 2
188954 1
188978 1
189125 9
189172 4
188970 3
188974 4
189058 21
189053 2
189075 2
188635 5
189071 2
189073 11
188984 0
188985 2
189003 6
189055 8
189145 4
189255 6
188980 18
188249 5
189052 8
189067 1
189048 12
189069 4
189050 4
188956 13
189140 9
189134 3
189245 5
189218 19
189341 4
189293 4
189304 6
189374 6
189788 3
189457 16
189253 22
189680 4
189717 6
189654 2
189642 7
188997 2
188995 1
189446 3
189343 7
189438 6
189150 3
154757 6
189678 4
187536 6
189863 4
189728 3
189691 3
189651 2
189784 1
189673 4
189484 6
189741 32
189246 2
190053 10
189973 3
189288 3
189287 118
189681 2
189682 1
189683 1
189735 4
189734 4
189842 5
189979 4
189399 11
190065 16
189900 3
190101 9
190100 4
189779 15
189912 3
189696 6
189487 2
189952 5
189859 13
190075 7
190066 27
189984 1
188273 9
189563 5
189932 3
190123 10
190062 2
189983 2
190057 3
190055 5
189982 2
189818 8
190056 11
190076 43
190054 6
190294 6
190023 4
189985 3
190159 4
189987 1
190059 4
190291 2
189401 3
190073 2
190027 11
190103 9
190301 2
190020 3
189964 39
190495 4
190460 8
190436 3
190072 12
190325 1
190424 5
190244 3
190317 2
190247 2
190348 3
190347 3
190349 3
190628 3
190671 3
190519 12
190693 7
190674 13
190631 3
190632 5
190611 6
190503 81
190564 13
190230 3
190250 7
190688 2
190819 3
190690 4
190591 2
190590 2
190676 5
190672 6
190434 36
190897 5
190920 45
190895 5
190576 24
190681 7
190834 3
190891 8
190901 4
190835 4
190876 3
190369 5
191133 7
189688 3
189905 2
191121 2
190831 2
190723 3
190896 3
191130 2
191094 1
191126 2
191132 3
191140 2
191149 5
191225 5
191112 8
191117 4
191115 4
190790 4
190817 3
190830 11
191176 11
191113 15
191009 8
191039 3
191601 26
190879 2
191221 1
191179 2
191219 2
191155 2
191223 2
191153 2
191217 3
191954 3
191441 1
191444 2
191321 2
191323 4
191315 6
191946 5
191320 4
191609 3
191643 2
191202 1
191218 2
191799 2
191447 4
191548 9
192469 5
192041 5
192043 4
191865 1
191535 2
191854 13
192200 29
192194 0
192085 5
192457 3
192201 7
192466 2
191879 3
191509 8
191549 11
192431 1
192430 1
192589 4
192461 2
192391 5
192597 1
192593 5
192598 4
191487 4
191625 23
192464 3
192594 3
192555 2
192513 4
192279 2
192463 2
192535 4
192316 4
192426 7
192530 4
192534 1
192421 1
192412 1
192413 1
192456 3
192318 3
192319 2
192108 2
191278 2
192087 3
192096 2
192529 6
192474 5
192473 2
192455 43
192392 8
192265 6
192198 26
192417 1
192419 1
192564 7
192595 9
192202 5
192187 3
192553 2
192172 3
191536 2
191849 3
192654 2
191537 8
192519 3
192525 4
192362 5
192472 8
192563 7
192453 2
192497 43
192682 5
192626 17
192680 4
192627 2
192834 4
192775 6
192783 5
192941 2
192940 4
192622 6
192745 4
192747 4
193273 4
193256 30
192988 5
192744 7
190907 10
192952 11
193169 3
192147 33
192471 5
193257 6
193166 4
193421 5
193324 3
190911 4
193106 11
190905 2
153548 0
192405 2
193194 7
192414 5
193164 2
193385 1
193688 4
193686 7
193063 2
193612 3
193064 4
193261 3
193650 7
193488 4
193424 3
193423 3
193689 5
193330 14
193685 2
193338 7
193340 4
193466 2
193648 7
193604 3
193520 3
193937 11
194084 3
193941 10
194138 3
193848 3
193969 3
194070 4
194518 17
194517 12
194511 2
194509 1
194125 2
194124 4
194204 3
194265 2
194093 3
194123 32
194609 2
194587 3
194130 6
194131 19
193938 2
194340 8
194521 1
194522 7
194514 4
194576 15
191800 1
191815 3
191942 1
191956 2
191970 4
194573 2
194459 4
194414 2
194499 0
194128 13
194236 7
191264 7
191314 3
191329 2
193939 11
191642 1
194708 2
192872 1
194559 3
194560 3
194743 3
192868 1
194558 3
70038 2
194406 2
194624 5
194429 5
194574 85
194508 14
192800 4
194228 8
194936 9
194779 2
195037 3
194836 22
195039 4
194586 12
192863 2
192866 3
194741 4
193993 2
193994 3
193996 2
194764 14
193788 4
193005 2
193007 1
193010 2
194983 5
195036 4
194986 3
194859 1
194977 2
195035 3
195041 4
193715 8
194861 1
194937 12
193999 3
194887 11
192801 5
194941 2
194637 3
194938 1
194939 2
194895 4
195307 3
194134 5
194135 7
195305 1
195304 1
195283 2
195303 2
195132 10
195279 2
195335 1
195429 4
194991 3
194992 4
195290 4
194993 3
195342 1
195341 3
195291 1
195302 1
195334 3
195327 1
195355 2
195641 9
195629 1
195631 1
195636 4
195133 22
195343 4
195522 2
195027 3
195523 2
195524 4
195474 4
195446 9
195114 6
194346 3
195249 1
194976 67
195394 2
195404 21
195585 3
195187 7
195276 6
195131 5
195188 3
195130 17
194533 3
194532 2
195233 8
194534 2
194535 2
195562 5
195561 0
195910 3
195911 4
194132 1
195401 2
195808 2
195491 9
195809 2
195766 3
195714 4
195760 5
195763 2
195260 3
195762 4
194165 5
195295 3
196077 0
196082 2
196075 1
196079 2
196076 0
196071 2
196074 2
195834 4
195842 4
195772 9
195719 3
195402 3
196072 0
196029 1
196103 11
196092 1
196095 0
196097 0
196099 0
196096 0
196086 1
196102 1
196089 3
196093 2
196087 2
196080 2
196081 1
196073 2
196409 2
196406 1
196405 4
196110 15
196031 34
193428 3
195980 6
195858 4
196264 4
196448 4
196447 4
195996 27
196446 2
196419 2
196418 8
196416 19
196417 4
196412 2
196334 6
196410 3
196413 6
196404 1
196411 3
196407 3
196069 10
196379 17
196333 9
196296 16
196132 21
196253 2
196251 2
196249 1
196189 2
196042 4
196858 2
196813 5
196767 3
196571 4
196552 5
196671 9
196665 15
196514 7
196550 9
196464 74
196363 4
196255 4
196677 1
196268 0
196704 8
196734 146
196622 4
196715 3
196714 2
196716 2
196707 3
196706 3
196729 1
197056 9
196854 4
196717 3
197057 5
197141 4
197142 4
196635 4
196764 1
196766 1
196768 1
196743 9
197059 4
196744 41
195487 3
195507 3
195486 3
196855 12
195781 3
195721 4
195724 4
195722 2
195589 3
197081 12
196301 4
195587 3
195592 3
195591 3
195485 4
195482 3
195489 2
195483 3
196429 3
195513 2
196424 4
196425 3
195511 6
196422 3
196421 2
196426 2
196451 5
197146 3
195782 14
196303 3
195741 1
197220 2
197185 3
196811 2
197003 2
196930 4
196825 1
194965 1
197357 2
197368 14
197275 7
196836 6
195259 4
194949 11
195017 3
195470 3
197206 5
197316 3
197271 3
192348 5
196907 4
197304 1
196492 8
196490 7
196463 3
195016 3
149651 2
194972 3
194969 1
194968 3
197343 7
197324 5
197465 1
197442 8
197450 17
197454 2
197452 5
197441 21
197433 4
196601 5
197403 14
196603 2
196602 2
196612 6
197584 5
197424 5
197583 7
197527 4
197522 1
197520 2
197467 8
197104 3
197105 3
197466 10
194604 1
197665 2
197668 7
197581 2
197634 5
197643 5
196958 2
196959 5
197582 51
197537 29
197103 3
196956 2
197948 5
197970 11
197342 2
196972 3
197618 5
197611 5
197612 2
197470 6
197614 5
195525 2
197102 2
197926 2
197927 3
197925 2
197930 2
197929 1
198086 4
197980 3
197616 2
197396 7
198092 6
198051 7
197176 2
197034 1
198214 10
197928 1
198096 4
197869 9
197762 2
198084 1
197391 1
197922 4
198209 8
198210 9
198512 8
198277 2
198281 6
196771 1
198362 2
198342 9
198582 14
198457 4
198583 9
198363 2
198438 4
198565 6
198511 4
198514 2
148385 3
127001 4
190407 26
198601 3
198775 38
198772 8
198776 5
198779 4
198867 9
198734 1
198717 1
187537 4
198665 5
198703 4
154238 1
154569 14
198603 7
198735 1
198773 5
148386 3
198733 2
198780 1
198774 1
197934 4
198836 3
198837 3
199003 11
198781 2
198784 3
198790 6
199000 7
199001 15
153200 10
153848 2
199011 1
199014 1
199019 2
199015 41
199008 9
198895 1
153960 3
196786 3
196778 4
199232 34
199118 3
196775 1
199042 4
198943 115
198614 6
199154 3
199148 9
199100 3
199288 5
199023 9
199421 3
199423 2
199364 5
199214 2
196787 36
199127 2
196785 3
199450 2
199566 4
199452 1
199528 2
199036 16
199257 4
199270 4
199368 4
199409 13
198612 2
199076 3
199649 2
199644 1
199642 2
199646 2
199851 6
199743 1
199744 1
199736 2
199809 17
199515 5
199788 15
199742 1
199756 4
199745 3
199455 4
199997 3
200008 6
200010 2
200015 2
199914 1
200017 4
199883 2
199888 2
199889 1
199884 3
199881 1
199648 3
199555 6
199466 5
200009 2
200013 3
200012 2
200007 2
199820 4
199821 6
199902 6
199415 7
199356 17
187560 1
196794 1
199314 3
200058 45
200032 7
200031 5
200338 1
199823 5
199822 1
199891 4
200212 18
200067 7
199561 51
200318 44
199564 4
199563 6
200213 6
200205 2
200204 1
200162 2
200118 1
200138 3
199565 4
200019 3
199824 0
200171 0
199948 3
200306 13
200347 1
200346 13
200360 3
200349 1
200352 5
200357 3
200350 2
200209 3
200207 8
200351 2
200354 5
200353 2
200202 2
200356 2
200345 2
200115 3
199944 3
200793 10
200796 4
200806 17
199950 4
199951 8
199952 4
200375 7
200084 29
200401 8
200493 2
200494 3
200395 4
200361 3
200496 5
199947 2
200365 15
200394 5
200492 2
200491 2
200558 4
200559 2
200554 9
200363 2
200761 7
200622 4
200518 3
200647 2
200656 5
200517 1
200648 1
200655 4
200643 1
200523 6
200528 2
200542 3
200543 3
199854 3
200549 2
200685 4
200669 4
200684 4
200718 2
200717 1
200657 1
201215 2
201218 3
201031 4
200959 0
200987 2
200968 4
200965 0
200673 11
200988 4
200865 1
200966 1
200986 2
200728 4
200964 2
200957 1
200958 3
200989 2
201283 27
201079 1
200675 2
201364 3
200990 4
201484 6
200866 7
201077 1
201497 11
201155 6
201078 1
201569 7
201284 2
201285 1
201332 1
201333 2
201180 6
200950 6
201278 3
201538 4
201539 3
201823 4
201854 4
201056 2
201022 1
201540 5
201651 4
201593 1
201393 1
201519 78
201752 12
201653 1
201597 5
201656 1
201655 2
202173 3
201903 3
201224 2
201228 3
201192 3
152862 12
201190 3
136845 5
202057 5
201938 5
201036 4
201756 1
201739 3
201738 3
201300 2
202085 1
202074 3
201755 3
201995 13
202311 16
201308 2
202256 3
202248 2
201871 2
201872 1
201868 4
201867 2
201860 0
201987 1
201306 2
201855 2
201817 6
202306 2
202008 2
201982 1
202017 1
202439 13
202018 2
202310 3
202442 1
202511 5
202452 5
202738 6
202447 2
202424 2
202686 7
202436 10
202115 1
202162 7
202572 1
202627 4
202690 1
202303 0
202569 0
202571 1
202867 2
202565 13
202564 4
202570 4
202573 4
202568 7
202567 1
202534 4
202509 1
202574 1
202692 2
202512 2
202711 1
202708 2
202665 2
202631 4
202642 1
202667 3
202575 2
199686 38
202663 2
202659 2
202566 1
202934 12
202577 1
202513 2
202992 4
202628 1
201900 1
203000 4
201783 2
202655 3
202656 0
201782 3
202830 43
201784 4
203014 15
202842 3
202839 2
202840 2
202837 3
202838 2
202841 1
201904 1
202215 20
201901 2
202948 5
202791 2
202949 2
202931 5
202647 2
202165 8
203116 1
203115 2
203003 4
203004 3
201905 2
203074 3
202850 4
202849 3
202851 5
202846 2
202848 3
203320 64
203311 12
203154 3
203153 2
203152 2
203132 2
203129 3
202959 3
202950 2
203358 2
202843 2
202971 2
202973 1
202751 3
202951 1
202677 5
203214 2
203568 4
203128 1
203516 5
203438 15
203316 2
203656 6
203625 2
203624 2
203334 4
202860 2
203510 1
203271 2
203569 0
203508 5
203130 25
203432 2
199047 0
203431 6
203430 2
203428 3
203598 2
203256 13
203597 0
203755 5
203599 2
204004 17
203590 10
203780 1
203871 3
204058 6
203526 7
203941 3
203706 2
203707 3
203709 6
203528 6
203527 4
203903 1
203910 1
203718 2
203658 13
203522 5
204093 2
203901 1
203902 1
203746 3
203711 3
203720 2
204235 0
203936 1
203713 2
203715 2
203717 4
203716 2
203856 2
204239 25
203927 2
204159 10
204000 17
203946 4
204314 12
203926 2
204539 6
204330 21
204061 1
204176 2
204059 2
204584 2
204258 0
204538 1
204384 14
204186 6
204786 6
204784 5
204383 4
204270 3
204544 6
204475 2
204471 1
202015 6
202051 0
201906 18
202012 11
204912 14
204911 2
204910 4
203979 11
204861 4
204793 1
204794 2
201181 0
204364 4
204615 11
204424 3
204638 22
202050 1
205018 11
202049 0
204605 7
204181 2
202052 0
204586 2
202013 5
204565 3
204447 2
204425 3
204446 5
204445 3
204941 1
204665 8
204860 0
204858 0
204563 5
204275 2
204854 0
204483 1
204463 2
204461 2
205319 4
204464 2
204927 7
205010 0
205009 0
204276 4
205259 5
205260 3
204637 1
146460 0
204642 4
204856 1
204610 6
204611 3
146050 5
205023 2
205022 3
205094 4
204942 1
204940 1
204939 1
205376 6
204937 1
204936 1
204430 1
204628 2
204904 1
205037 0
205027 1
205054 2
205026 1
205036 0
205297 6
205056 3
205047 0
205048 0
205193 1
205032 1
205041 1
204627 4
204845 69
204733 5
202438 1
205034 0
205006 1
205053 1
205050 1
205300 16
205042 6
205004 0
205003 0
205002 0
205060 1
204708 2
205058 1
205059 1
205044 1
205375 2
190904 2
205061 2
205686 3
205266 2
205534 12
205598 10
205611 4
205607 1
205184 2
205454 2
205294 5
204926 3
202161 0
205267 4
205796 5
205080 3
205451 3
205647 11
205722 1
205699 3
205613 1
205692 5
205612 3
205608 6
205185 0
205658 10
205614 1
205940 2
205825 1
205484 3
205826 1
205180 1
205805 6
205158 5
205804 2
205879 15
205799 12
205535 5
205238 2
205237 1
205835 4
205621 2
205617 6
205849 3
205871 6
205824 1
205864 1
205844 1
205846 2
205554 23
205838 1
205876 1
205867 1
205832 1
205829 5
206076 1
205912 4
206138 20
205271 10
205071 0
205622 3
205619 4
205615 11
205843 0
205623 4
205837 1
205841 2
205845 1
205847 1
205863 1
205862 1
205545 16
206065 1
205620 5
205872 0
205875 0
205980 7
205868 1
205964 3
205944 2
206071 1
206072 1
206070 2
205865 1
206005 3
206075 3
206074 2
205890 3
206210 0
206215 2
206208 2
206206 0
206007 3
205566 6
206010 3
206006 6
206009 3
205411 3
206109 8
205931 5
205885 5
206209 1
206359 9
206019 8
206063 6
205634 2
206003 3
206008 4
206732 9
206658 5
206657 1
205378 6
205979 2
206631 3
206774 7
205992 3
206484 32
206258 2
206105 6
206111 6
205932 0
206110 7
206107 2
205783 15
206260 1
206615 1
206659 2
206614 1
206612 0
206103 8
206611 1
207018 1
206254 1
206257 2
196961 2
207131 2
207058 1
206455 4
206397 2
206792 11
206790 4
206791 0
206789 1
206786 0
206785 5
206447 0
206451 2
207256 3
207255 2
206901 2
206894 11
206436 0
206434 0
206435 0
206207 1
206906 6
206217 2
206453 2
206908 4
207144 9
206398 5
206907 10
207229 1
207308 1
207074 4
207307 3
206724 2
206433 0
206725 0
207099 18
206726 2
207519 8
206042 2
207191 2
206646 0
206644 0
206647 1
206649 0
206650 0
206703 0
206704 1
206705 0
206707 0
206708 0
206710 1
206712 3
206709 0
206716 0
206711 0
206717 1
206719 2
206718 1
206715 0
206714 1
206645 0
207362 8
206469 2
206468 1
205738 35
205817 0
205818 1
205819 0
205821 0
207190 4
205822 0
205828 0
205831 0
205834 0
205833 0
206641 2
206640 5
206642 0
207445 2
206868 3
207440 6
205020 0
207270 1
207266 1
207145 2
207087 10
207734 7
207093 28
207872 0
207873 0
207874 0
207628 3
207926 0
207088 1
207716 7
207784 0
207646 9
207509 2
206485 3
207871 2
207876 0
207028 1
207701 3
207739 1
207737 3
207875 1
207740 1
207743 2
207868 0
208195 1
208193 0
207086 7
208192 0
207956 2
207736 1
207951 1
207506 1
207877 2
207091 1
207912 16
207865 5
208063 2
207090 1
208095 1
207027 3
207981 2
208062 0
207729 11
208083 2
207511 2
207510 5
208025 1
207936 3
207859 3
208060 3
207553 1
208196 0
207910 3
207851 9
207731 6
208197 0
208061 0
208094 1
207508 2
207896 0
207892 1
207895 0
208274 8
208506 2
208172 1
208171 3
207512 8
208090 0
207915 0
207917 0
208089 2
208217 2
208611 2
207735 5
208613 0
208342 0
207259 10
208199 1
208672 2
208194 0
208198 0
207647 1
208384 3
208614 3
208318 0
208339 0
208609 0
208324 1
208298 9
208275 1
208607 5
208470 0
208468 0
208471 0
208173 2
208537 0
208258 0
208093 2
208557 15
208393 1
207533 1
208096 1
208406 1
208405 10
208608 2
208335 1
207788 9
208622 11
208625 12
208067 22
208276 3
208403 3
208407 1
208097 1
208564 0
208511 0
208472 1
208477 3
208478 0
208772 4
208394 3
208409 3
208326 1
208486 3
208599 1
208624 6
208412 2
208411 1
208603 2
208410 3
207840 66
208857 1
209139 0
209137 0
209136 0
209134 2
208914 1
208413 2
209007 0
208863 2
208862 0
209054 17
208815 5
209086 2
208816 0
208980 1
209005 2
209018 18
209003 4
208415 2
208414 2
208450 1
208526 0
209037 9
208580 15
209191 1
209186 1
208940 2
208241 2
208943 13
209130 1
208736 0
208310 0
208449 1
209052 1
209245 0
209246 0
209244 0
208320 0
209252 1
209041 1
209074 28
209251 0
209247 0
209023 2
208319 2
208322 0
209629 0
209250 2
208936 2
209327 4
208901 3
209092 5
208919 46
208598 2
209627 4
208576 2
208577 1
208535 1
208648 0
208649 0
209270 3
209183 0
209634 4
208313 0
209897 13
209977 1
209978 1
209352 9
209906 0
209044 4
209828 7
209684 2
210025 1
206630 7
210043 24
209660 2
209411 2
209899 2
209838 1
207102 7
210311 1
210259 3
210264 1
210265 0
210263 0
210258 0
207103 3
210224 2
210267 7
208647 0
208746 0
209698 0
210096 3
210123 0
210128 2
210094 1
210233 3
210167 0
210193 4
210223 5
210381 1
210380 2
210382 3
210379 3
210383 1
210295 3
210182 0
210448 4
210611 0
210612 1
210467 1
210468 1
210603 0
210602 1
210474 2
210309 1
210491 0
210481 0
210482 0
210477 0
210196 0
210601 0
210406 117
210289 6
210492 3
210684 4
210194 1
210629 6
210497 1
210252 2
210791 10
209277 9
210561 4
210476 12
210917 2
210575 14
210633 2
210852 7
210620 1
210472 5
210419 3
210347 0
210762 0
210761 0
210498 7
210975 2
210955 12
210763 0
210495 1
210643 18
210785 5
210651 2
211020 5
210951 3
210837 15
210819 6
210767 0
210766 0
210768 3
210765 0
210764 0
210490 0
211122 0
211165 1
210978 0
210911 2
211010 1
211007 2
210979 1
210969 2
210883 6
211003 0
210977 1
211015 1
211084 1
211161 2
210965 2
210499 4
211167 1
211255 1
210990 6
211188 0
211021 0
211138 6
211258 0
210870 12
211134 13
210893 1
210891 0
210892 0
210816 7
211118 6
211457 4
211456 3
211115 2
210998 0
210996 1
211111 21
210981 0
210952 1
210890 0
211622 1
211619 0
211605 0
211702 11
211449 14
211808 5
211446 1
211404 6
211752 4
211555 5
211554 2
211269 3
211268 4
211267 6
63030 7
63032 12
63029 10
62993 14
62865 20
62866 39
62856 6
62838 765
62798 2
62757 11
62747 2
63275 18
63251 64
62746 14
63237 4
63182 22
63178 30
63174 16
63142 35
63318 65
63460 6
63412 8
63434 20
63400 11
63393 11
63345 28
63811 59
63713 16
63699 201
63750 15
63630 35
63631 108
64093 0
64052 31
64099 8
63839 15
63894 24
64119 18
63882 8
63847 7
63853 235
64031 11
64252 21
64294 89
64226 4
64188 31
64195 8
64230 60
64164 24
64187 24
64586 13
64570 50
64549 30
64408 2
64404 55
64381 45
64366 69
64361 17
64939 16
64910 77
64884 55
64770 8
64724 17
64874 10
64970 21
65075 3
65052 15
65262 6
65016 6
65233 10
65231 9
65080 5
65688 4
65596 10
65543 5
65562 18
65540 104
65448 46
66019 24
65913 7
65873 21
66065 9
65842 29
65933 45
66090 15
66073 6
65991 14
66485 28
66541 8
66494 23
66479 9
66259 5
66868 4
66822 8
66733 15
66644 22
66684 57
67038 11
66999 67
67112 38
67460 6
67375 149
67232 36
67252 269
67188 7
67587 17
67817 10
67601 2
67651 28
68603 25
68614 30
67839 32
68485 39
68199 149
68157 21
68964 7
68949 13
68953 7
68940 6
68271 55
68893 15
68911 232
68877 17
68881 0
68770 27
68794 125
68747 8
68720 10
68691 3
69678 57
69542 6
69537 8
69437 8
69396 13
69236 45
70233 5
69149 51
70133 8
69944 10
69976 0
69918 6
69902 24
69811 27
69837 21
71285 9
70317 30
71124 14
71006 64
70631 8
70663 10
70428 2
70340 5
71408 8
70365 5
72050 6
71304 10
71949 9
71887 26
72475 11
72220 10
72162 16
72805 89
72125 150
72796 12
72687 26
73148 6
73120 9
72983 13
72968 6
72991 57
73257 3
72874 53
73576 5
73628 62
137275 4
73932 0
137247 4
136403 8
94498 6
94472 10
88417 8
88411 22
88361 10
74677 227
74652 27
74588 17
137283 17
138445 46
138034 8
138095 169
137999 92
137812 13
137831 3
137690 9
137675 11
137554 8
137537 68
137521 57
137612 4
137505 75
137455 27
137399 19
137316 6
138713 16
73456 8
141697 8
139627 28
141517 18
139261 13
139882 16
139233 9
139804 63
139329 6
139026 4
138410 11
138343 4
138106 8
138260 14
138295 9
138910 16
74545 26
141676 11
142421 19
141802 8
144878 4
145127 7
142791 21
144312 4
143624 6
138767 10
138200 24
143232 6
142847 22
149301 7
148994 8
149069 127
148330 207
147405 13
148332 210
148157 23
148029 37
146505 9
150220 39
193654 3
151160 3
193479 17
154494 7
151785 100
154649 6
193781 22
154648 2
153958 5
154104 19
153684 9
153847 38
151800 12
154179 7
209695 5
205808 4
142471 10
204336 7
205412 13
202465 6
207954 1
203659 17
199787 14
201282 37
199654 1
199359 12
197367 11
63145 9
196757 13
63057 66
63025 4
63011 46
63000 12
62854 5
63863 35
63729 19
63571 12
63530 15
63486 0
63430 57
63236 14
63235 9
64209 9
63963 6
64216 14
64140 64
64084 67
64362 30
63974 0
65125 20
65030 53
64875 78
64849 25
64844 38
64708 24
64667 60
64830 41
65889 7
65999 98
65506 0
65641 87
65464 17
65467 5
65300 5
66190 62
65261 40
67135 47
69364 79
68709 91
68278 21
67935 30
72229 13
67923 125
71653 11
72170 12
70650 27
70564 17
70039 29
73768 83
62722 46
204077 44
187510 10
187674 4
154683 197
146193 81
146029 64
142338 16
144533 138
141369 29
137789 56
63113 23
138752 13
62978 17
63088 51
63013 27
62887 5
63173 22
64215 29
63149 18
64049 122
64178 50
64575 113
64313 45
64636 22
63331 15
65337 15
65061 15
64861 185
64754 10
64715 37
66925 253
62710 37
62711 9
68035 101
68136 155
63461 13
63350 23
66594 116
63169 17
62886 273
63504 5
62825 93
65469 23
64641 18
63734 556
62679 29
147694 312
142813 8
63135 8
62973 19
63206 746
63639 14
63598 39
62737 38
67162 63
63512 50
66045 33
65854 131
65558 52
65948 41
64995 121
64173 185
64271 155
64113 57
64056 66
63557 99
63945 61
63532 166
63181 48
63075 21
64307 37
64268 24
63240 83
64206 269
63019 35
74932 11
66687 63
71307 14
63157 53
64887 272
62817 64
62834 31
63034 44
65876 47
64592 270
63243 64
64061 629
68727 49
67684 66
63168 219
70217 202
62841 30
62769 45
64924 0
74110 16
62754 0
64017 103
63538 181
63692 140
63955 93
63689 105
62727 417
69042 104
63342 132
63415 94
64972 233
64726 90
64471 88
64745 27
66072 484
63006 76
62786 598
63302 83
63805 226
62701 338
62976 0
62966 360
63898 78
62675 743
63366 138
62917 119
62669 230
63355 0
74096 0
63147 317
63502 699
63117 137
63822 43
62981 26
63368 74
63151 1266
64185 1115
72994 43
63650 0
63477 73
63297 33
63144 190
64512 60
65738 57
62804 0
63273 0
64079 95
62905 32
63448 15
64087 39
66481 64
188983 89
64979 112
64739 31
69931 14
63561 29
63186 34
64522 18
62680 26
71727 27
138417 206
65381 15
63376 54
63180 53
66163 24
62721 29
62907 54
65045 136
65068 36
65141 31
65181 23
65385 18
63333 56
200421 28
137510 16
148574 8
150569 4
145863 26
142444 16
136989 8
137098 42
72163 14
71952 7
70440 88
136945 5
69005 2
68946 10
68615 39
73627 19
67000 9
66198 19
69263 0
66482 7
68156 59
68388 1
67736 11
64959 2
67181 16
66478 8
66166 204
65642 16
63490 39
64544 5
64303 14
64020 27
211751 4
63123 36
211163 6
211168 1
211965 19
211266 2
211121 2
210916 0
210521 33
211019 13
211008 1
209791 3
209184 9
208771 8
210540 3
209830 3
209900 13
209091 2
210170 0
209126 0
210166 45
209790 0
208579 0
209028 0
209249 0
209161 2
209248 1
208309 0
209601 20
208770 3
209157 0
208484 2
208829 10
202232 1
209135 2
208796 8
208474 1
208321 0
208781 1
207905 2
208483 3
208481 5
208344 2
208723 20
207869 0
207215 3
208391 2
207269 1
207265 3
205823 0
206721 0
206643 0
206731 10
206761 54
206452 1
207183 9
206788 9
206431 3
206787 2
74256 1
206104 7
206610 1
206073 11
206106 2
206213 2
206358 21
206108 6
206002 3
205877 0
205565 2
205840 1
206066 1
205842 1
206067 1
205648 4
205836 0
205839 1
205183 1
205182 0
205939 1
205605 0
205928 9
205585 7
205610 2
205538 3
205582 3
205181 5
205370 1
205769 9
205603 0
205706 3
205057 0
205236 1
205326 13
204905 1
205604 6
204938 1
205317 10
204685 5
205246 3
204607 2
205095 6
205318 4
204566 2
205025 8
204426 82
204018 4
203971 1
203679 2
204271 3
204272 3
203898 0
204474 2
204089 20
204542 2
203937 2
204175 1
204873 14
203714 2
204091 4
203776 3
203529 6
203909 1
203721 4
202247 6
203241 4
202845 3
203944 7
203698 3
203677 0
203359 2
202835 10
202844 3
203056 2
202726 3
202954 18
203039 1
202578 1
202496 3
202422 3
202664 3
202460 1
202493 2
202535 2
202307 2
202168 12
202425 2
202467 1
201309 3
202304 0
201980 7
201298 1
201870 1
201035 3
201754 1
201365 4
201225 1
202174 4
201448 1
201307 2
201818 38
199906 1
201302 3
201692 2
201657 1
201659 0
200919 2
147698 2
201648 4
201374 1
201537 1
201449 1
201535 1
201084 1
200794 10
201821 5
201322 1
201030 7
201151 7
201534 1
201055 2
201054 1
200967 1
201104 3
201217 3
200715 2
200526 5
201154 8
200560 2
200940 4
199945 5
200953 3
200495 9
200222 2
200547 3
199953 2
200317 3
200310 4
200797 11
199994 15
200014 2
200006 5
200199 2
199465 0
200066 5
200068 4
199882 3
199558 12
200060 8
199885 1
199886 2
199910 1
199850 4
199849 4
200236 4
199645 7
199911 7
200011 3
199650 1
199622 2
199448 1
199313 4
195129 2
199417 19
199128 2
191551 1
199261 5
199135 2
198975 4
199048 2
199183 2
198924 3
199018 10
196496 5
198838 5
154570 7
199006 8
153774 0
199156 4
199045 1
198365 5
199010 2
198769 1
198731 1
197699 23
198076 5
198361 2
198683 3
198087 3
198364 3
198599 3
198212 11
198273 1
198095 2
198211 16
197174 8
196960 7
197175 9
197347 1
197746 8
197055 3
197438 2
197524 2
197610 22
196604 3
197425 9
197505 3
197521 4
197196 31
195468 3
196828 5
197355 18
197228 8
194970 2
197062 3
196623 3
149650 2
194966 3
197112 19
196427 2
195590 12
195484 3
197182 5
195725 4
196423 3
196745 7
195588 3
196708 3
195726 1
195512 3
196295 0
196769 3
197125 27
196765 1
196748 1
196414 2
196681 12
196415 4
196381 24
196926 2
196420 4
196572 2
196445 2
195990 3
195942 4
196918 6
196403 3
196263 3
196067 7
195799 10
196085 1
196100 0
196091 1
195845 2
196146 6
195672 14
195768 7
195020 2
195577 9
195764 3
195338 2
195841 9
195913 2
195912 3
195586 2
195271 2
193992 2
194860 4
193995 2
195065 4
195280 5
194709 21
194699 10
194556 2
193717 2
193012 2
194701 27
194984 3
193997 2
193011 2
191322 7
192865 3
192864 4
193998 3
192870 2
194732 4
194790 0
194789 3
191884 4
194557 5
194562 2
153550 1
64501 1
194585 2
191505 2
194087 4
191794 2
194279 4
194252 4
194516 5
194072 2
194017 10
193530 6
194510 3
193691 4
193940 3
193977 4
193608 5
194020 0
193601 4
193607 3
193151 4
194048 2
193049 4
193157 8
192875 5
193487 4
192781 3
193061 6
193365 30
189564 5
192496 3
189587 3
192729 5
193093 7
192911 2
193076 5
193188 6
193422 38
153970 3
192450 6
192195 4
192677 3
192721 12
192476 1
192475 3
193062 6
192566 3
192416 1
192196 2
192090 1
192403 4
192599 10
192285 405
192532 1
192206 13
192536 5
192401 2
192429 1
191449 83
192458 2
192065 6
191445 2
191801 4
191156 1
191639 2
191889 13
190890 4
190833 5
191040 7
191178 7
191135 2
191124 4
190592 2
190924 4
191141 2
190373 13
190902 3
190832 2
190362 17
190775 2
190718 1
190097 7
189256 2
189141 2
189068 10
189781 26
188944 4
189051 4
188904 12
188906 6
188880 2
188438 13
188523 7
187949 5
188277 6
188430 4
188304 4
188341 6
188564 6
188308 12
188426 2
188048 14
188507 18
188238 6
188115 13
187864 4
188015 5
188282 2
188303 31
187805 9
187538 0
188179 18
188110 10
154237 5
154932 2
154783 2
188182 8
188095 5
188098 9
188258 4
187836 2
188000 2
187987 6
187902 2
187890 6
187475 4
188283 4
187766 8
187993 2
187769 1
187905 1
154868 1
187900 3
187939 20
187991 3
187485 6
154555 4
154997 7
153036 6
187820 11
187765 4
187904 1
155075 9
187503 10
187938 383
187477 12
155098 13
187873 1
155001 9
154944 2
154919 7
187418 7
154828 3
155111 4
154657 2
154126 3
154546 5
154807 22
153823 4
154793 12
154325 11
153786 1
154152 6
151999 1
154404 4
153795 2
154101 2
153961 7
153687 3
153856 3
153746 3
154061 6
154236 5
153997 7
153995 8
154040 2
154172 17
154100 2
154168 2
153992 18
154058 13
154204 5
154006 6
154103 11
154038 3
154050 6
154023 7
154098 31
154073 6
153561 5
153880 8
153249 8
151583 3
152346 8
151774 9
151232 11
153426 7
153056 3
153057 2
153334 15
153609 3
153087 2
152338 4
152842 929
152849 2
153059 2
153304 4
152962 3
152192 5
152751 5
152792 4
152557 5
152741 4
152959 3
151741 28
152665 2
152501 4
152769 12
151745 2
152502 3
152497 3
152640 13
152534 11
148449 3
152672 8
152608 5
152070 4
152671 7
152456 15
152535 13
152491 5
148450 3
152330 6
152513 2
149900 6
152366 11
151737 5
152504 8
148922 2
151592 0
152008 46
149913 1
152131 8
152122 7
149878 5
151968 9
152120 12
152256 3
152156 2
152257 6
152038 7
151954 5
151581 6
151932 15
151959 3
152080 10
151888 8
151982 3
151978 3
151469 7
151960 6
152037 5
151566 6
151587 2
150842 5
150142 0
151686 4
151071 10
144681 4
150794 4
151782 4
150757 8
150762 7
150356 3
149943 0
150221 5
149955 0
149977 2
149960 2
150403 85
149691 6
148223 1
148773 2
148847 2
149699 2
149661 2
148313 3
149372 1
149371 3
148712 11
148975 16
148616 10
148770 1
147811 11
148272 3
148608 4
148649 5
148190 6
148161 6
148624 10
148455 9
147843 4
147660 2
147614 4
147511 4
147849 5
147712 4
147555 5
147120 2
147146 1
146683 9
147021 7
146293 2
146204 9
145893 3
146056 3
145878 4
146082 17
146394 8
145780 2
145991 13
145226 13
144806 2
145307 4
145455 5
145048 3
144803 4
144393 4
144962 8
144397 2
145438 7
145043 11
144362 3
144640 9
144600 4
144187 2
144198 2
144189 2
143363 9
145424 6
143354 6
144196 2
144373 11
144134 2
144578 7
144615 12
144130 34
143135 4
144478 11
144477 2
144036 3
144048 4
143449 8
144235 91
144230 4
142078 6
144317 3
143940 6
143871 3
144258 27
143165 2
142745 2
143373 2
143191 4
143347 38
142738 1
143189 3
143142 5
142706 1
142704 2
142500 5
143025 2
142598 5
142007 5
142578 8
142424 28
141820 2
141826 2
141825 2
142182 11
141892 2
141922 5
141533 11
141415 3
141414 2
141345 24
141346 11
141649 5
140821 4
141338 11
140455 20
141401 4
140812 3
140813 2
141085 7
140840 3
140888 14
141010 5
140809 3
140836 5
140726 4
140877 3
141083 6
140737 4
140738 5
140830 4
140650 6
140717 14
140473 10
139206 7
140164 6
140609 6
139478 4
140222 2
139782 5
140464 6
139750 6
139547 3
139276 8
138916 10
138994 2
138995 2
136751 5
138605 5
139488 31
138795 18
139009 10
138831 3
138899 10
138702 3
137702 18
137712 7
137922 4
137859 2
137925 2
137718 1
137741 3
137639 1
137664 76
137529 9
137628 5
137403 4
137405 4
137357 4
137440 5
137179 9
137021 12
137285 9
137286 1
137199 16
136668 7
137167 58
136714 9
137055 2
136721 12
136724 43
137054 0
136774 7
136778 4
136885 3
136749 3
136507 2
136543 5
112284 3
136722 2
110785 2
136729 1
136731 2
136744 29
136402 12
136618 6
94505 5
136653 19
94459 2
136537 10
111671 6
88414 13
110674 3
136352 6
111424 5
111221 1
94488 2
88362 3
94492 3
94504 2
94506 2
94465 8
75014 9
88409 2
94445 0
75030 19
88338 4
88354 3
75007 5
88318 2
74970 54
74993 5
74971 7
74930 13
74876 2
74815 3
74620 7
74749 7
74435 4
74696 7
74344 2
74558 10
74490 15
74352 8
74194 85
74321 1
74313 5
74302 1
74223 2
74222 5
74201 3
74211 3
74178 5
74030 2
74143 38
74184 17
73897 3
74073 15
74047 5
74052 5
73693 3
74148 26
73615 7
73883 3
73847 1
73649 82
73851 4
73771 29
73753 4
73748 17
73704 19
73724 9
73622 2
73560 6
73608 4
73599 5
73624 4
73557 1
73590 103
73551 4
73487 4
73342 22
73313 2
73226 8
72826 6
71901 13
72126 2
71857 2
72053 5
72095 6
71977 8
71969 1
71779 3
71893 7
71908 5
71726 3
71728 2
71858 2
71703 6
71589 14
71456 31
71390 5
71531 4
71505 15
71504 2
71350 3
71510 2
71448 7
71427 6
71356 8
71388 10
71365 2
71319 7
71315 3
71336 8
71341 6
71347 4
71340 3
71245 9
71199 10
71298 5
70972 8
71116 9
70932 7
70883 8
71127 7
71064 4
71000 8
70856 2
70969 16
71005 3
70899 6
70939 9
70926 8
70877 6
70875 10
70749 2
70938 4
70905 3
70687 9
70735 3
70817 5
70841 1
70734 6
70746 12
70736 1
70699 13
70741 8
70585 6
70751 10
70605 4
70565 4
70697 6
70575 2
70536 2
70508 3
70577 0
70561 3
70424 3
70526 1
70533 10
70528 5
70434 11
70435 0
70535 4
70499 4
70396 3
70498 40
70449 3
70475 0
70351 51
70322 17
70419 62
70167 2
70116 9
70345 9
69941 5
70113 2
70122 9
70007 3
69767 5
69900 5
69877 28
69706 5
69860 3
69861 1
69601 7
69848 5
69850 2
69605 32
69776 6
69831 6
69446 2
69343 8
69711 4
69513 5
69498 0
69118 3
69262 11
69232 2
69276 30
69166 8
69075 5
69213 5
69172 45
69151 12
68965 8
69116 6
68895 4
68894 12
68978 6
68962 7
68639 9
68611 21
68692 1
68633 5
68729 12
68754 7
68555 1
68452 33
68645 5
68127 11
68100 2
68499 17
67959 1
67926 5
68258 3
68235 2
68291 1
67932 64
68181 11
67953 77
67883 3
68176 5
67779 5
67718 2
67606 8
67600 13
67903 7
67852 10
67811 4
67390 9
67766 8
67842 98
67347 23
67679 3
67021 5
67608 2
66903 13
66862 3
67003 186
67310 3
67192 4
67224 5
67253 4
67094 20
66765 4
66726 7
66993 5
66721 3
66806 0
66882 10
66839 8
66637 2
66763 3
66792 10
66746 2
66583 3
66272 10
66151 2
66520 3
65975 10
66427 2
66207 13
65875 2
66173 4
66085 32
65763 12
65928 27
65934 25
65910 8
65681 11
65584 5
65818 5
65760 16
65423 3
65722 21
65202 2
65516 1
65498 13
65503 48
65478 5
65409 62
65462 53
65475 5
65473 14
65131 5
65340 3
65384 3
65186 4
64933 1
65004 16
65155 11
65120 12
65123 4
64855 14
65003 1
65060 16
64755 34
64917 12
64947 7
64556 6
64723 4
64600 3
64186 3
64352 10
64109 171
64042 13
64026 0
64081 37
63590 8
63980 1
63779 17
63818 16
63335 83
63678 6
63062 15
63693 4
63749 8
63730 10
63319 3
63381 80
63300 9
63185 19
62899 49
63033 35
62880 10
62749 6
63003 74
62678 147
62784 11
62783 14
62859 434
62837 217
63804 0
62666 742
63852 4
64246 9
64318 32
64604 11
63338 18
63952 29
64211 6
63906 6
64678 4
64698 21
64677 0
64542 6
64530 4
64899 5
65182 10
64945 25
65221 13
65791 11
66318 3
65353 0
65622 2
65488 4
65694 19
66211 15
66267 6
67686 3
67346 0
67537 14
67832 8
68959 5
68790 9
69886 2
69891 5
69468 3
69285 10
69324 19
69609 15
69637 15
69892 2
69933 0
70752 10
70737 3
71246 3
71218 4
71867 11
71766 16
72230 3
72341 4
72313 5
71990 7
72741 0
72414 2
72470 15
73289 2
73334 3
73140 4
73483 4
73260 0
73545 29
73609 5
73371 2
73717 2
74062 4
73981 11
74277 9
74295 4
74434 3
74996 11
111151 1
94433 6
137048 0
137673 5
138609 17
138198 6
138673 4
138245 1
138612 2
139327 2
138619 1
139140 3
138764 13
138936 4
138337 3
139491 2
139837 3
140776 3
139590 1
139471 7
140718 57
141616 3
139435 4
140223 8
140669 3
141771 14
141391 5
142117 2
141798 2
142227 7
142290 2
142279 2
142042 2
142220 4
142626 5
142615 20
142928 5
142827 4
142253 3
142741 1
143335 5
146086 9
146712 2
146516 10
147118 3
148323 3
152190 5
151939 7
152220 5
152439 7
152531 8
153196 10
152448 4
152260 3
152832 5
153037 4
153152 5
153088 4
153023 59
150830 6
154020 12
154015 7
154318 22
151998 1
153784 3
154327 10
154507 5
154388 2
154770 20
188064 13
155097 3
187429 1
154719 4
154792 0
187998 3
187973 43
187989 10
154918 11
188577 17
188607 2
188434 6
188649 5
188588 6
188611 10
188653 5
189030 3
188941 2
188425 2
189252 9
188838 10
188949 1
188967 3
189002 2
189530 9
188877 1
188874 4
188976 2
189124 4
188966 3
189104 5
189742 4
188875 14
189865 1
189574 5
189972 3
189613 1
190067 3
189962 1
189977 2
190689 2
190669 3
139201 27
190346 4
190882 1
190724 2
190198 3
191114 20
191443 8
191308 6
191174 14
191142 2
191357 6
192470 3
192045 4
191644 1
192592 2
192462 3
192278 2
190894 4
192562 4
192663 2
191538 5
192524 3
192552 1
193170 3
193191 5
193425 5
194696 4
194669 6
191338 6
193991 2
196090 1
196199 6
196088 1
197209 3
197120 46
194964 0
194971 1
194886 4
197963 2
197536 8
198513 1
197173 3
196957 2
198066 21
198215 3
198166 4
197964 1
199560 5
199422 3
199544 5
199454 3
199890 11
199887 1
199935 8
200200 1
201076 1
202302 0
202877 2
203352 4
203342 2
201907 12
204274 2
203929 4
205045 1
202053 10
204277 3
205007 1
205021 2
205866 1
205946 3
206216 3
206062 2
206613 0
206450 1
205942 2
206723 0
206966 0
207179 1
207414 0
207192 0
205820 0
207738 0
207914 0
207092 1
208139 55
208325 0
209151 6
209353 2
209254 0
208578 0
209295 0
209465 8
209860 1
210376 2
208536 1
210016 3
210262 0
210261 1
210630 0
210475 0
210962 12
210862 3
210496 5
211011 0
211009 0
62705 9
211354 2
63187 32
64137 4
64229 159
211187 0
64646 11
211437 1
66614 5
72779 10
64627 1648
139442 18
68401 0
193435 22
140107 34
74375 5
62688 33
62968 0
67179 17
69095 43
66575 0
69535 26
65798 2
193165 210
72565 62
62936 23
74968 59
66014 19
63267 32
63768 29
64304 51
63375 49
63072 12
65364 994
62911 82
64276 0
63662 29
68561 544
62729 43
62787 39
62908 125
63052 38
63158 174
62720 25
62789 136
71898 34
62813 25
62827 7
62922 15
62857 8
63060 8
62901 38
62839 12
63195 16
63233 21
63583 11
63570 7
64507 86
65636 13
62767 23
64427 23
63328 11
64094 207
62695 311
65974 534
63517 0
63436 6
63723 8
63803 13
63682 5
63601 0
63998 9
63550 139
64086 11
64382 32
64258 4
64515 13
64565 1
64611 8
64702 9
64733 5
64757 67
64674 6
64789 8
64888 39
64873 8
64951 8
65103 0
65092 183
65111 10
65171 7
65180 6
65159 36
65153 35
65017 20
65269 3
65230 3
65322 11
65463 0
65354 5
65514 13
65515 3
65509 0
65595 8
65602 7
65629 4
65648 11
65757 7
65847 6
65739 7
65785 4
65858 8
65918 17
66042 6
65935 5
66015 15
66099 2
66234 6
66237 23
66231 4
66306 8
66278 4
66274 5
66371 4
66407 9
66433 2
66410 7
66496 14
66492 10
66574 13
66493 236
66571 2
66557 3
66625 6
66645 5
66670 30
66725 0
66798 1
66797 4
66767 5
66842 3
66815 1
66844 4
66870 2
66646 3
67209 4
67257 14
67231 3
67314 16
67308 5
67728 17
67780 0
67849 6
67911 2
67881 5
68065 44
68128 3
68173 9
68202 21
68327 11
68455 5
68466 0
68520 3
68509 27
68312 12
68710 3
68856 4
68922 11
68976 7
69002 120
68972 0
68979 5
69076 29
68997 3
69058 15
69124 1
69111 3
66723 23
69147 3
69244 6
69348 1
69294 8
69417 4
69365 8
69571 3
69529 18
69612 55
69746 3
69824 16
69869 23
69895 3
69854 5
69873 14
69870 1
69901 0
70015 51
69991 2
68352 6
70145 84
70276 3
70372 18
70369 5
70386 4
70413 3
70514 0
70572 2
70689 24
70731 4
70721 5
70861 2
70930 3
70935 2
70989 5
71094 11
71129 72
71078 15
71233 3
71192 10
71219 1
71262 3
71366 3
71351 3
71359 4
71453 2
71473 69
71499 5
71495 2
71550 3
71583 3
71591 5
71618 50
71617 11
71662 13
71686 2
71748 90
71784 1
71767 6
71846 6
71852 3
71850 11
72122 7
72042 13
72182 1
72165 22
72200 6
72233 3
72203 3
72238 5
72187 92
72274 8
72366 5
72401 36
72431 6
72336 44
72422 0
72452 2
72464 2
72465 1
72477 4
72468 6
72339 2
72560 2
72581 1
72676 1
72667 4
72512 1
72568 3
72704 4
72730 4
72700 20
72891 3
72978 5
72993 3
72838 56
72964 4
73066 2
73150 3
73162 4
73184 3
73286 5
73461 3
73493 14
73025 3
73491 4
73492 2
73509 54
73787 10
73793 7
73782 3
73836 4
73763 42
73816 6
73930 3
74097 15
73955 2
73941 23
73986 4
74136 8
74135 34
74115 4
74243 3
74267 2
74288 4
74280 3
74340 1
74383 15
74374 31
74325 6
74425 1
74450 5
74437 10
74503 7
74537 16
74616 17
74470 11
74708 6
74725 9
74723 31
74745 6
74793 3
74836 7
74943 41
74951 12
74974 5
75008 2
75005 8
88300 8
75028 4
75015 7
88325 13
88358 2
88341 7
88379 7
88374 5
88370 7
94473 7
101173 19
94487 5
74794 6
94495 55
94489 4
112249 8
136269 3
136373 4
136372 19
136457 2
136600 28
136657 2
136682 2
136775 5
136753 1
136902 2
136992 4
137003 7
137155 12
137180 3
137202 5
137302 6
137321 1
137335 5
137413 2
137469 13
137406 2
137395 1
137402 2
137538 8
137532 4
137522 4
137511 3
137627 6
137621 16
137615 15
137625 1
137513 2
137594 13
137637 1
137678 7
137655 2
137657 5
137651 7
137752 25
137719 11
137769 2
137764 0
137855 6
137847 1
137726 3
137830 7
137805 7
137802 3
137799 15
137890 14
137863 4
137928 4
137870 62
138125 2
138289 6
138292 9
138293 66
138537 2
138152 17
138792 34
138726 3
138885 5
138861 38
139010 4
138827 4
138211 0
138113 1
139103 4
138112 3
139102 2
139055 17
138395 2
138391 3
138196 8
138744 5
138812 8
138784 14
138617 1
138610 5
138867 4
138847 6
138950 3
139095 7
139034 26
139249 5
139244 7
139004 5
138915 1
139110 7
139166 23
139022 5
137966 7
139752 18
139323 8
139540 3
139432 2
139210 5
139925 12
139443 5
140461 5
140065 3
139475 15
140371 4
139053 2
140613 2
140720 3
140029 1
140340 10
141035 3
140905 77
140806 3
141045 3
141526 4
141604 4
141592 4
139018 2
141358 7
141134 18
141721 3
141393 8
141677 15
142000 5
142026 9
142112 13
142011 1
142116 4
142180 1
141993 22
141790 3
141966 7
141765 4
142423 8
142223 2
141793 57
142365 3
142447 1
142297 1
142575 65
142531 2
142614 6
142416 9
142415 12
142417 4
142780 7
142422 17
142604 0
142754 3
142885 4
143024 3
142956 3
142926 1
142602 3
142981 27
142624 4
142848 16
142929 47
143143 7
142732 1
143144 13
142709 1
143050 15
142810 8
142743 2
142719 3
142700 1
143111 10
143372 0
143382 3
143215 14
143378 1
143398 2
143218 3
143838 3
142660 19
143999 16
143446 13
143741 5
141982 5
144263 16
144135 18
144255 5
143980 3
144267 14
144197 2
144658 9
144810 3
144389 2
144391 4
144177 51
144774 22
145722 4
144570 5
145573 2
145948 4
145524 4
145881 10
144025 5
145908 10
146093 5
145443 2
146027 5
145964 21
146886 6
146414 17
146470 36
146196 19
146194 4
146198 19
147019 9
146681 2
146507 4
146923 9
146887 7
146632 3
147091 3
147524 14
147428 2
147761 4
147735 8
147842 4
143894 4
147608 4
144549 7
148291 4
147852 21
145919 12
148283 5
148338 1
147794 3
147788 10
148730 4
148621 8
148831 5
148622 11
148188 17
148936 3
145776 6
149468 4
149186 2
149491 9
149593 5
149701 7
150051 4
149703 8
150205 10
150213 4
149978 4
150210 4
149695 5
150274 6
150387 4
150570 3
150277 0
150428 11
150572 8
150770 3
150756 10
150301 12
150759 4
150761 2
150958 3
151059 20
144704 3
151467 6
150565 4
150132 5
150886 6
150837 3
151503 6
151685 2
151375 3
151757 3
151961 3
151730 3
152433 52
152254 1
152308 2
152529 10
152230 5
152231 4
152269 85
151746 5
152506 15
152311 9
153070 0
152963 5
152927 2
153450 2
153686 21
153195 3
153363 7
152773 2
153615 10
144361 2
153946 20
153743 14
153896 8
151589 7
153954 20
154102 9
154113 8
154048 2
154027 5
153945 3
154025 5
153987 1
154176 2
154095 17
154294 9
154170 37
154356 2
154136 6
153791 3
154130 12
153617 1
154125 5
154463 3
154448 5
154371 3
154501 5
154545 1
154721 8
154604 5
155050 10
187417 11
154956 11
187421 7
154922 4
154970 12
155124 2
154998 6
187871 7
153962 3
187486 7
187492 3
187751 2
187906 5
188001 2
187866 6
188120 2
187443 8
187878 45
188117 3
188123 3
188509 3
188508 1
188651 4
188496 12
188685 1
188654 2
153038 24
188248 4
188873 2
187544 3
188769 2
188773 2
188705 10
188638 4
188682 2
189066 4
189123 17
189098 4
189179 1
188996 2
189465 3
189868 3
189644 7
189772 3
189782 3
189546 18
190058 4
189499 9
190078 1
189671 13
190160 4
190437 3
190293 2
190026 2
190303 2
190309 9
154775 9
190527 6
190323 60
190367 5
190321 2
189333 3
190601 5
190630 4
190319 10
190678 10
190634 5
190529 4
190691 9
190650 4
190877 2
190973 6
191139 3
191143 3
190878 3
191220 2
191440 4
191222 2
191597 4
191596 2
191928 8
192064 3
192044 3
191318 2
191857 6
191319 5
192062 6
191645 1
191944 3
192591 4
192465 3
192402 2
192491 2
192415 3
192411 1
192565 4
192140 4
191279 2
192418 2
192422 1
192681 2
192678 3
192939 1
192746 5
192929 9
193489 3
193611 3
192881 78
194513 2
194206 5
194205 3
194583 2
194610 3
194427 1
194515 2
191882 19
192871 1
194512 1
194767 3
195038 4
194717 6
193006 2
193009 0
193008 2
195047 1
194636 3
194896 3
192550 2
194940 1
195361 1
195634 2
195521 6
194536 2
195447 0
195765 3
195773 3
194531 0
195480 8
195500 1
195982 4
196101 0
196078 0
196094 0
196252 11
196250 2
196192 8
195797 3
196710 7
195481 3
197124 3
196402 13
196428 5
195594 2
197222 3
197364 4
197360 4
195018 4
197204 3
194973 5
194967 1
197319 5
197453 2
197437 2
197345 4
197528 2
197585 1
197106 3
194883 6
197534 3
197471 7
197613 3
198139 6
198064 10
197924 3
196770 4
194603 4
198557 2
154534 3
144351 0
190648 3
198777 12
198732 1
153773 2
153073 0
199016 23
199012 19
199013 2
199182 9
195339 3
199574 5
196783 3
199129 3
198714 1
199516 2
191590 10
199559 2
200237 15
200506 11
200141 1
200201 7
200563 21
200359 6
200562 5
200364 3
200403 33
200321 4
200377 1
200732 2
200716 1
200674 6
200393 3
200962 1
200961 4
200583 5
201081 1
200686 2
201082 3
201326 12
201536 3
201820 8
201290 5
201107 1
201409 1
201103 10
190629 1
201822 6
199907 1
199905 1
201404 3
201849 4
201033 5
201753 1
201038 3
202308 2
201873 1
202027 3
202373 6
202305 0
202441 5
202448 1
202114 2
202113 1
201080 1
202047 3
202666 4
202662 8
202661 5
202579 1
202729 2
200714 1
201852 23
203600 1
203429 2
203704 2
203900 1
203525 14
203710 30
203712 10
203867 0
204390 2
203726 2
204183 4
204636 8
204792 1
204567 4
204363 5
204859 0
204853 1
204462 2
204609 2
204427 23
204626 2
205051 1
205030 1
205685 2
205265 2
205005 2
205609 1
205186 0
202125 0
205736 1
205729 1
205616 14
205827 1
205848 1
205618 1
205588 2
205960 1
204541 6
205869 4
205880 1
206069 1
206068 1
206212 0
206211 1
204180 6
205929 2
206214 2
206102 14
207026 6
206736 4
69698 1
207073 1
206012 4
206981 2
205678 2
205011 2
206866 1
204210 7
206706 0
205043 1
206713 0
206633 1
206720 0
205830 0
205870 1
207441 4
207089 1
207149 3
207518 2
207419 2
207055 3
207388 0
208174 2
206862 7
206141 2
208440 7
208135 2
208341 9
207916 1
207418 2
208503 1
208544 3
208542 5
208543 38
208541 18
208485 2
209138 0
208812 3
208525 0
208323 0
208513 0
209738 3
210063 0
208631 0
210260 0
210232 24
209969 3
208475 0
210377 1
210130 0
210608 0
210478 0
208711 2
210644 1
211166 0
210675 36
211077 1
210882 19
211342 9
211162 2
210995 1
211164 1
210997 0
210871 4
211585 34
211620 0
211385 4
62818 15
63105 6
63079 23
63581 68
63514 39
64280 18
64960 18
65703 13
66078 24
68572 228
69689 11
69496 7
69955 7
70068 7
68793 9
71411 13
71864 15
74656 19
137978 7
112474 12
137607 41
140092 30
138724 33
145189 16
144513 32
145427 12
142940 12
148987 2
146089 30
147636 0
188145 10
147183 31
148992 73
152119 34
201911 4
63221 6
63131 19
211806 7
63229 18
63362 47
64312 41
64182 20
64552 93
65089 0
65394 14
66838 7
66137 42
68023 25
70617 21
137097 17
67951 107
62906 19
64029 291
63322 14
67775 16
65917 221
63074 39
62674 8
64024 153
63741 18
62959 25
137398 23
64073 78
63137 0
66780 44
210918 1
63224 69
210195 0
64833 74
210613 0
65583 354
64843 38
62690 25
62668 18
208545 4
210120 3
207733 2
63260 29
210115 5
207507 1
207955 1
207363 12
205353 4
209253 0
206722 0
208059 6
206899 13
208627 98
204112 4
203405 2
203899 0
203697 6
203977 1
204167 5
201861 5
201896 4
202444 2
200969 4
204017 1
199449 2
203829 3
207142 6
202668 8
204237 6
197931 14
195042 2
194630 4
192400 2
195015 1
188378 11
195048 9
195977 5
190720 12
189077 3
195740 3
189260 2
188519 3
63134 18
187945 0
187901 1
155002 3
63887 9
154724 9
154654 8
151596 11
154003 2
151718 4
154680 6
152600 6
150473 16
149191 2
151651 2
153747 12
147785 4
146810 10
151158 2
147595 4
148341 5
148098 85
143369 1
64155 27
142803 4
144137 5
142111 19
142039 20
141100 3
142844 8
139439 2
143023 3
136842 17
138324 5
142286 3
141004 3
138393 2
138547 4
138829 5
137318 6
138671 14
137813 6
137692 2
137248 12
94457 3
73823 30
74088 17
74477 3
74690 4
136627 10
72744 2
71892 0
71437 5
88328 2
136328 59
73441 15
74176 2
70983 2
72739 3
73519 3
70479 3
71621 7
70532 9
71382 9
71672 18
70236 3
71267 2
72151 186
69338 4
69893 51
70524 0
70596 5
68353 3
69251 43
68838 8
70108 6
69097 5
69712 19
66284 14
65370 4
67102 10
67778 4
67547 3
67319 6
67042 8
64449 22
62808 79
62788 235
64711 5
64334 4
64357 3
63802 3
64218 6
63090 22
67110 2
74666 5
140710 5
138523 14
144161 1
148959 10
150427 5
187757 2
188943 6
194133 18
191599 3
190881 2
191610 3
192899 2
190903 10
191041 3
190315 6
66408 21
143374 2
62723 5
63819 12
63166 623
64464 16
73951 17
66562 0
68757 5
69117 9
69210 5
69998 4
64904 23
70487 19
70943 2
71082 2
71370 9
67426 18
71119 6
71349 7
71914 3
73533 5
69666 92
73413 19
74452 4
74789 6
72780 19
111389 1
136401 9
137245 3
137325 1
137930 2
139489 9
140254 3
140027 2
141359 6
140749 3
141449 1
141512 2
141886 10
142295 2
142729 1
143264 3
144017 2
145961 13
147343 6
146573 21
148522 6
147836 2
142685 3
149689 3
143724 9
150501 17
151731 2
151594 7
154024 5
187877 3
188328 2
188697 8
188681 2
153612 4
189290 4
191550 8
192428 1
192551 3
193335 7
189137 8
196098 0
153744 9
196664 1
196621 16
196408 3
195970 3
196709 4
197427 11
196992 9
202894 17
143397 3
203914 43
204153 5
204666 4
204847 4
205874 0
203333 1
207029 3
208317 0
208343 2
209192 2
211321 2
68996 7
152556 8
137064 9
74750 5
192942 3
191439 3
194568 1
73583 2
73234 2
68725 0
65604 2
138780 2
66643 6
66208 9
66961 2
71387 11
62852 65
63127 114
142828 4
62684 51
211705 0
63108 10
72056 6
71620 4
144232 3
137504 2
208099 3
65699 3
142086 4
207268 1
200956 2
62707 23
203524 10
203338 2
197666 4
63225 19
200307 2
64994 6
74120 2
74529 5
203131 1
136723 5
153787 2
154360 5
188788 14
190308 5
70945 1
64862 16
207867 1
199698 9
204785 3
142825 4
142693 7
188569 8
69967 4
142663 12
72558 6
139746 7
